2 0.2824 0.465505 0.147827 0.0862662
3 0.338766 0.737828 0.11201 0.0847842
3 0.26775 0.628046 0.0903853 0.0720365
0 0.45948 0.670996 0.072415 0.117404
3 0.751708 0.587226 0.0855104 0.0755073
3 0.848528 0.70624 0.0942715 0.0839501
0 0.332765 0.682709 0.05827 0.0883634
0 0.263347 0.594423 0.0516525 0.0719495
0 0.479293 0.438533 0.0361389 0.0562884
0 0.707157 0.390131 0.02295 0.0547948
3 0.172392 0.777304 0.0468425 0.0395536
3 0.446708 0.512516 0.0674521 0.061984
0 0.862631 0.706241 0.0594837 0.0827902
0 0.769031 0.400843 0.0171471 0.0388292
0 0.769036 0.53451 0.0530847 0.106285
3 0.456318 0.697862 0.10609 0.0720268
0 0.342778 0.680114 0.0366458 0.0836954
0 0.738557 0.402895 0.021839 0.0561646
