3 0.386564 0.452598 0.0403593 0.0473693
3 0.510622 0.433442 0.0376534 0.0620292
0 0.653358 0.362204 0.0241032 0.045699
0 0.51114 0.43364 0.0373428 0.0652597
0 0.650825 0.368836 0.0211474 0.036387
0 0.744029 0.427945 0.0344319 0.104406
0 0.566205 0.394379 0.026308 0.0565958
0 0.386686 0.436242 0.0405972 0.0740272
0 0.748501 0.42174 0.0268104 0.106591
3 0.735828 0.486504 0.0275585 0.0564668
3 0.154576 0.415481 0.0432413 0.0586975
0 0.750165 0.397784 0.0240248 0.056254
3 0.145151 0.412489 0.0609584 0.0598993
0 0.131049 0.422343 0.0372788 0.0693895
