2 0.177741 0.42111 0.130958 0.0959208
3 0.57064 0.715275 0.0883516 0.0967981
0 0.857217 0.756221 0.0649556 0.0806002
3 0.532111 0.577747 0.0689276 0.0694396
3 0.336692 0.586884 0.0610183 0.0875086
3 0.805317 0.658302 0.0896996 0.0831694
3 0.622368 0.423913 0.0194397 0.0499863
2 0.530584 0.386027 0.0633623 0.0579739
3 0.3256 0.453881 0.0507417 0.0579065
0 0.561475 0.682942 0.0525775 0.0997454
3 0.430032 0.507282 0.0414311 0.0725182
0 0.839428 0.756367 0.100358 0.0814629
2 0.610811 0.318189 0.0422011 0.0272638
3 0.730631 0.664502 0.0827408 0.0980488
0 0.657857 0.350848 0.0129371 0.0284948
3 0.526596 0.429378 0.0379243 0.0493495
