2 0.650182 0.481871 0.0578804 0.0605349
2 0.262713 0.549265 0.0872293 0.0920977
2 0.516648 0.483714 0.0406615 0.0517162
2 0.385224 0.465508 0.0437963 0.0570181
2 0.388345 0.3689 0.0274529 0.027995
2 0.410881 0.340441 0.0244388 0.0305257
2 0.584534 0.387859 0.0245021 0.0283508
3 0.851809 0.674352 0.0406117 0.0573988
2 0.633692 0.380203 0.030245 0.0293982
3 0.729207 0.602154 0.02726 0.0330882
2 0.33871 0.440259 0.0387106 0.0475323
2 0.68519 0.567403 0.0266851 0.0578886
3 0.685456 0.569837 0.0278339 0.0597213
2 0.49935 0.338252 0.0208879 0.0301929
2 0.780188 0.531272 0.0252372 0.0429882
2 0.580319 0.385756 0.0190658 0.0280959
2 0.744576 0.534232 0.0255623 0.0494321
2 0.433053 0.314786 0.0177374 0.0322924
3 0.726755 0.584829 0.0290295 0.0601589
3 0.78048 0.532617 0.0253697 0.0425015
