2 0.552149 0.549106 0.0983248 0.0887759
5 0.364834 0.381682 0.163498 0.0697539
3 0.632413 0.640886 0.0576517 0.0939254
2 0.520996 0.381816 0.0548988 0.0295397
5 0.409687 0.379027 0.0736938 0.0642244
3 0.744705 0.668284 0.071978 0.0890916
5 0.3309 0.38236 0.0955701 0.0699582
3 0.231754 0.409014 0.0337 0.0416769
3 0.677104 0.600567 0.0516165 0.0632352
58 0.83957 0.522576 0.0290211 0.0420701
7 0.668108 0.331073 0.104859 0.134923
0 0.77243 0.644328 0.0623831 0.077317
0 0.776693 0.547985 0.029936 0.0569947
0 0.372124 0.441624 0.0286186 0.0763815
5 0.58843 0.350448 0.0537223 0.0816459
2 0.5094 0.475434 0.0687886 0.0756878
