2 0.616275 0.556193 0.143932 0.154546
2 0.373793 0.409858 0.0774765 0.110528
2 0.471133 0.352686 0.0568871 0.0626357
3 0.198206 0.566875 0.046838 0.0798673
3 0.153325 0.433034 0.0465661 0.0570209
5 0.611713 0.388824 0.108305 0.130086
2 0.359103 0.258078 0.0294087 0.0471183
0 0.200287 0.531523 0.0410513 0.0884319
2 0.434959 0.285366 0.0331011 0.0340906
0 0.782685 0.45582 0.0312539 0.0743301
3 0.263343 0.585536 0.0436457 0.0755264
0 0.736394 0.434001 0.0300663 0.0523438
2 0.538788 0.360098 0.0307093 0.0341438
0 0.267833 0.521251 0.0316853 0.052862
0 0.737876 0.444525 0.0365223 0.0688028
3 0.14888 0.435149 0.0328166 0.0491964
5 0.714239 0.311447 0.156129 0.104032
3 0.287962 0.374884 0.0237237 0.048717
