2 0.303652 0.379189 0.0507394 0.0290642
2 0.609967 0.362098 0.0456045 0.0271755
2 0.506675 0.362842 0.0526635 0.0318283
2 0.720316 0.361815 0.06374 0.0332368
2 0.135237 0.376929 0.0581623 0.0370202
3 0.599868 0.49629 0.0459709 0.051299
2 0.362407 0.339839 0.0251222 0.0212073
5 0.837672 0.356328 0.117012 0.0699337
3 0.747802 0.47109 0.0530165 0.0604396
2 0.730489 0.362716 0.0445331 0.0295713
0 0.417281 0.457484 0.0177242 0.0434928
3 0.655062 0.467843 0.0451277 0.0550776
3 0.22713 0.553693 0.0248047 0.0684643
2 0.114423 0.398554 0.0232657 0.0319551
0 0.206695 0.478498 0.0209862 0.0526408
2 0.19428 0.324017 0.0321834 0.0417458
3 0.813505 0.47219 0.0425152 0.0541274
3 0.417099 0.45792 0.017973 0.0448036
0 0.22348 0.436019 0.0159078 0.0397806
3 0.879557 0.465661 0.0340256 0.0550549
0 0.202344 0.418987 0.0181764 0.0354648
2 0.195462 0.334635 0.0299029 0.01992
