0 0.298411 0.450561 0.0198532 0.0547157
0 0.348753 0.523166 0.0201978 0.0719916
0 0.428646 0.564885 0.0297633 0.0852955
0 0.268187 0.484388 0.0233692 0.101309
0 0.550011 0.72539 0.0287966 0.1123
7 0.778446 0.435612 0.143383 0.109942
2 0.866141 0.573322 0.0584421 0.063525
0 0.268201 0.463303 0.0194772 0.064601
0 0.550817 0.740487 0.0241391 0.0821779
7 0.411953 0.370663 0.0582949 0.0658919
2 0.394147 0.360544 0.0220683 0.0337487
0 0.1948 0.391899 0.0138658 0.0509052
2 0.883797 0.474669 0.0236673 0.0422542
