2 0.78036 0.692343 0.231624 0.193902
0 0.388397 0.754816 0.0486441 0.0820032
2 0.717783 0.736888 0.192436 0.116061
0 0.870151 0.468353 0.0282546 0.0796376
3 0.487065 0.488376 0.0376464 0.0600231
3 0.482855 0.593842 0.0437049 0.0829963
0 0.18755 0.565603 0.046261 0.13632
0 0.605762 0.743836 0.0512267 0.106669
0 0.48786 0.483153 0.0360105 0.0647621
0 0.19595 0.595672 0.0283483 0.0760554
0 0.317801 0.522738 0.0238269 0.0751972
11 0.557845 0.468884 0.0404384 0.055059
25 0.766824 0.384325 0.115523 0.0425897
