2 0.493308 0.530859 0.0595233 0.0763064
2 0.455077 0.398549 0.0291423 0.035625
2 0.516912 0.46407 0.0515509 0.0604875
0 0.42981 0.532182 0.018078 0.0583391
2 0.587884 0.370111 0.0325787 0.0294514
2 0.250641 0.386622 0.0362771 0.0355376
2 0.553577 0.354221 0.0236594 0.0260552
2 0.115291 0.584973 0.0243351 0.0758278
2 0.419796 0.347292 0.0182295 0.0318165
0 0.363506 0.544632 0.0210628 0.0648467
0 0.340841 0.64493 0.0262537 0.0821656
0 0.230744 0.443701 0.0211515 0.0520463
0 0.230997 0.437152 0.0193437 0.0396213
2 0.552588 0.350193 0.026331 0.0339505
2 0.548951 0.346894 0.0306473 0.0353889
2 0.455303 0.362455 0.0204212 0.0251873
