2 0.448359 0.605707 0.149642 0.17548
2 0.234827 0.570752 0.213715 0.19989
2 0.269905 0.725493 0.17015 0.132975
3 0.330579 0.59357 0.0659187 0.113602
25 0.439349 0.30818 0.0750162 0.0408944
7 0.654014 0.591308 0.479236 0.392662
2 0.476924 0.423845 0.146189 0.0955263
2 0.655184 0.60149 0.4761 0.371911
3 0.327692 0.424836 0.0438531 0.0720302
2 0.728095 0.390414 0.028015 0.0278186
0 0.596576 0.452589 0.0370594 0.0862115
0 0.39729 0.49975 0.0395286 0.100629
3 0.242166 0.458429 0.0470061 0.0761272
2 0.742994 0.330967 0.0860415 0.046322
3 0.599665 0.464572 0.032293 0.0716912
3 0.17157 0.520046 0.063893 0.111537
3 0.327672 0.436714 0.0443946 0.0522379
2 0.599165 0.376721 0.119852 0.0716037
