2 0.377146 0.382119 0.0430965 0.0492139
5 0.785666 0.503394 0.188922 0.154151
2 0.332044 0.339556 0.033367 0.0354763
0 0.365877 0.682294 0.0397938 0.105058
2 0.370963 0.309475 0.0218631 0.0265562
2 0.581807 0.325107 0.0272612 0.0313286
0 0.414611 0.626494 0.0358864 0.0880067
0 0.709744 0.318842 0.0122751 0.0465442
0 0.273539 0.423376 0.0164888 0.046864
0 0.318198 0.424566 0.0202968 0.0607061
7 0.540358 0.550346 0.147099 0.206342
3 0.416085 0.662406 0.036427 0.0811386
0 0.315626 0.421097 0.0202092 0.0611831
0 0.378884 0.465695 0.0210773 0.056116
3 0.288778 0.568979 0.0271709 0.0838053
0 0.372583 0.523804 0.0249802 0.072512
0 0.294816 0.461206 0.0193996 0.0458252
0 0.289185 0.564766 0.0260727 0.0750644
3 0.367938 0.712873 0.0395676 0.0854566
3 0.289843 0.586948 0.0263936 0.0575641
2 0.370624 0.304472 0.0241485 0.036395
