2 0.574278 0.496387 0.0606249 0.073685
2 0.302132 0.552841 0.141375 0.14401
0 0.156507 0.478331 0.023817 0.063227
0 0.590853 0.726962 0.0403519 0.103953
2 0.570463 0.439614 0.039234 0.0386874
2 0.55931 0.362089 0.0364044 0.0273096
2 0.57712 0.394293 0.0305817 0.0364363
2 0.596036 0.374821 0.0287624 0.0330622
2 0.492598 0.372696 0.0676495 0.0420489
0 0.42174 0.423844 0.0179594 0.0443316
2 0.597547 0.323039 0.0183285 0.0189135
3 0.506372 0.77911 0.0400335 0.0363337
7 0.493349 0.372432 0.0678776 0.0420181
2 0.582845 0.387799 0.0206777 0.0266599
3 0.506945 0.761523 0.043146 0.0692581
25 0.123511 0.510192 0.0380165 0.0374324
