5 0.596772 0.494414 0.358032 0.186063
2 0.240555 0.544847 0.150235 0.145125
2 0.167382 0.580157 0.127195 0.191544
2 0.167172 0.442855 0.0761475 0.0719483
0 0.705561 0.599164 0.0311975 0.0687223
2 0.162468 0.36131 0.0712275 0.0513159
2 0.679988 0.371445 0.0525341 0.0468592
2 0.796175 0.450504 0.0620173 0.0583945
3 0.42143 0.762041 0.0928221 0.0699644
2 0.268313 0.32605 0.0542175 0.0291852
3 0.302446 0.74975 0.0949634 0.0768614
3 0.150849 0.764978 0.0936222 0.0648072
0 0.666063 0.630089 0.0338421 0.0792194
3 0.482945 0.667632 0.0710352 0.0962209
0 0.816177 0.573504 0.0338493 0.0667406
0 0.131686 0.686229 0.051951 0.113325
0 0.425528 0.744193 0.0467667 0.0874011
0 0.48954 0.6396 0.0328739 0.0663843
0 0.423871 0.732124 0.0414194 0.0646271
2 0.740789 0.378252 0.0573246 0.0367065
2 0.294132 0.499174 0.0657202 0.0748794
0 0.421111 0.748793 0.0804209 0.0951148
2 0.265142 0.321722 0.0618429 0.0323453
0 0.27936 0.70662 0.03163 0.0803071
0 0.570944 0.614493 0.0518879 0.0671165
2 0.16152 0.37617 0.0782581 0.0816222
2 0.238259 0.313104 0.0487933 0.0289061
2 0.254577 0.316802 0.0817515 0.0370788
0 0.308548 0.718919 0.0445343 0.0934931
0 0.843659 0.463995 0.0195324 0.0633979
0 0.306641 0.701949 0.0417637 0.0621099
