2 0.580643 0.428348 0.0752899 0.100689
3 0.240377 0.672351 0.0713569 0.126143
2 0.632065 0.325003 0.0301201 0.0456794
0 0.235496 0.624534 0.0606911 0.130681
2 0.444725 0.376859 0.104481 0.0567078
3 0.436609 0.428791 0.0269365 0.0654662
2 0.676249 0.315621 0.030705 0.0280354
0 0.680698 0.464053 0.0293822 0.0797279
3 0.689928 0.380426 0.0293771 0.0444056
3 0.633995 0.604534 0.0484158 0.122425
3 0.556916 0.388624 0.0417015 0.0558784
3 0.633462 0.621059 0.0442906 0.0878452
0 0.237877 0.368344 0.0205362 0.0558562
2 0.410733 0.378285 0.0404929 0.0415633
0 0.529186 0.373126 0.0163246 0.0465233
