2 0.579012 0.640427 0.171912 0.172555
2 0.422822 0.584637 0.118158 0.173715
2 0.691025 0.482133 0.115812 0.110922
2 0.464493 0.477382 0.0908817 0.0965281
2 0.496862 0.424686 0.081533 0.0739253
2 0.589261 0.477464 0.118019 0.136037
2 0.358769 0.461216 0.0798111 0.100454
2 0.844468 0.693837 0.103124 0.171261
2 0.598784 0.7591 0.148203 0.0728603
2 0.396182 0.410263 0.0690787 0.0621625
2 0.328579 0.398862 0.046576 0.0557152
2 0.608411 0.393711 0.0819603 0.0689755
2 0.778376 0.587544 0.0570673 0.0672768
3 0.721659 0.672414 0.060426 0.116984
0 0.481713 0.746707 0.0505536 0.0998374
2 0.301322 0.36537 0.038909 0.0510934
0 0.47933 0.730034 0.0480288 0.0681958
2 0.328649 0.312815 0.0508522 0.0457594
0 0.264217 0.361033 0.0164859 0.0542518
2 0.373809 0.379419 0.0509567 0.056352
0 0.445009 0.769441 0.0332781 0.0558062
