2 0.640004 0.470638 0.0447826 0.0490614
3 0.553178 0.612607 0.025206 0.0326555
2 0.638054 0.384493 0.0296312 0.0248164
7 0.753036 0.554132 0.112987 0.127917
3 0.550823 0.609313 0.0272817 0.0375087
2 0.805211 0.407104 0.0472141 0.0301003
3 0.477527 0.442884 0.0167278 0.0351721
2 0.755056 0.396854 0.0352408 0.0260188
2 0.875728 0.660541 0.0343551 0.0517221
2 0.371757 0.308137 0.0236279 0.0327855
0 0.430122 0.471304 0.013146 0.0473486
2 0.414953 0.335308 0.0183483 0.0182073
2 0.695998 0.468854 0.0168518 0.0344461
