2 0.8031 0.643866 0.184694 0.157631
0 0.254794 0.760946 0.0653011 0.0688732
2 0.134418 0.463368 0.0613894 0.0919486
0 0.510888 0.521118 0.037904 0.0829611
3 0.610179 0.55876 0.0768746 0.0792613
5 0.330504 0.461654 0.2726 0.181128
0 0.200232 0.530761 0.0519763 0.0979973
7 0.33069 0.4612 0.273731 0.183326
3 0.502515 0.550753 0.052967 0.0560926
3 0.207469 0.551237 0.0909202 0.0798194
0 0.508977 0.507655 0.0323501 0.0544199
3 0.48943 0.752186 0.0786896 0.087728
2 0.162576 0.408476 0.0610458 0.0432763
0 0.555423 0.492755 0.041473 0.0935174
3 0.761341 0.533531 0.0735823 0.0703863
3 0.7615 0.520582 0.0719927 0.070201
0 0.207644 0.540994 0.050678 0.080751
