2 0.723264 0.403924 0.0454723 0.0560153
2 0.748966 0.340162 0.0291887 0.0309382
2 0.498952 0.769536 0.113797 0.0518204
3 0.356949 0.762793 0.0684609 0.0682972
0 0.457561 0.628669 0.0417583 0.102338
2 0.746152 0.615537 0.100591 0.168425
3 0.364366 0.628352 0.0449761 0.0901951
2 0.787985 0.332895 0.0252098 0.0325776
3 0.525648 0.57974 0.0302471 0.0732803
3 0.786133 0.471889 0.0216553 0.0603125
0 0.532309 0.497658 0.0211773 0.0587283
7 0.746417 0.614755 0.100054 0.168206
3 0.58678 0.568631 0.0369778 0.0720381
0 0.349175 0.759654 0.0353031 0.0695833
0 0.786125 0.470749 0.0223229 0.0616189
3 0.489897 0.682065 0.0479742 0.0840408
3 0.490063 0.666231 0.0500463 0.10713
0 0.489941 0.661184 0.0477018 0.102629
