2 0.489703 0.670431 0.0859187 0.143763
2 0.40419 0.565963 0.070199 0.0926968
2 0.442156 0.451593 0.0377739 0.0482539
2 0.578196 0.494724 0.0424982 0.0736049
2 0.509533 0.518681 0.0579992 0.091433
2 0.543507 0.379478 0.0213373 0.0252855
2 0.506596 0.381735 0.0236895 0.0250999
7 0.615633 0.639061 0.102047 0.203362
2 0.552928 0.414655 0.0274639 0.0328177
2 0.450417 0.513819 0.024279 0.0501603
7 0.492054 0.453853 0.0403589 0.0720682
2 0.47623 0.404375 0.0275696 0.0294188
2 0.61437 0.638523 0.100808 0.199009
2 0.510204 0.534229 0.0565214 0.0597078
7 0.329733 0.441242 0.0456188 0.0596524
0 0.199881 0.721653 0.0298493 0.059104
0 0.157042 0.673239 0.0214445 0.0432385
