2 0.458328 0.51752 0.0444514 0.0649529
2 0.62557 0.373129 0.0271254 0.0276876
2 0.347754 0.436018 0.0414877 0.0470682
2 0.718274 0.456852 0.0523888 0.0424686
2 0.676665 0.418888 0.0415066 0.0364915
2 0.430897 0.358798 0.0220913 0.0245137
7 0.491842 0.429892 0.0340072 0.0626721
3 0.782159 0.639329 0.036138 0.0738583
3 0.845442 0.679483 0.0508399 0.0711088
3 0.584382 0.742875 0.0258882 0.0506056
3 0.705382 0.547698 0.0242897 0.0533094
3 0.583145 0.720524 0.0296274 0.0875988
3 0.852117 0.685887 0.0363594 0.0611687
