2 0.482094 0.511845 0.192966 0.191608
0 0.818299 0.553088 0.0447798 0.101095
0 0.191006 0.566696 0.0509025 0.0953456
2 0.63439 0.423746 0.0743289 0.0759287
3 0.218887 0.40658 0.04232 0.0555067
0 0.195673 0.653865 0.0578524 0.115171
2 0.416286 0.462491 0.169814 0.139309
3 0.702369 0.756562 0.0806561 0.076075
0 0.8526 0.646801 0.0662403 0.120784
0 0.841568 0.540777 0.0329258 0.0834098
0 0.827409 0.550162 0.0621139 0.099471
0 0.446572 0.333913 0.0182797 0.0623332
3 0.590254 0.389223 0.0273594 0.0574238
3 0.330019 0.394633 0.0335334 0.0394974
