7 0.744975 0.394389 0.0771601 0.127826
3 0.359668 0.435197 0.0716107 0.0753258
3 0.915683 0.786961 0.0954513 0.130445
2 0.404725 0.740466 0.178731 0.254889
3 0.119678 0.435472 0.0539405 0.0888004
9 0.220152 0.304778 0.0180519 0.0349555
9 0.200523 0.241726 0.0221552 0.0701968
0 0.909768 0.667392 0.0663178 0.119777
0 0.634431 0.468021 0.0286784 0.0657672
0 0.809496 0.431739 0.0261549 0.0551916
3 0.0234585 0.496392 0.0325916 0.0859171
3 0.632898 0.508229 0.0328702 0.0568248
0 0.676159 0.459534 0.0267114 0.0588633
3 0.766125 0.64734 0.082296 0.120323
3 0.0233989 0.508101 0.0314655 0.0621734
