3 0.209015 0.612583 0.0668383 0.101043
0 0.518195 0.517277 0.0228873 0.0787537
3 0.418804 0.490828 0.0278041 0.072483
3 0.743062 0.712527 0.0690417 0.15203
0 0.558029 0.523595 0.0238809 0.0751878
0 0.601389 0.533757 0.0267132 0.07993
2 0.548154 0.384221 0.0328146 0.0418674
3 0.388206 0.438235 0.0306941 0.0470055
0 0.628828 0.489831 0.020686 0.0614673
3 0.386453 0.42954 0.0287688 0.0630937
0 0.627071 0.374034 0.0125271 0.0415693
3 0.200415 0.621301 0.0480801 0.0791024
0 0.594855 0.434484 0.025841 0.0520949
3 0.385091 0.443415 0.0293436 0.0377431
0 0.64773 0.476358 0.0176231 0.0521582
0 0.487565 0.435585 0.0172227 0.0601486
0 0.216315 0.572628 0.0485407 0.0847575
