5 0.732858 0.474987 0.270676 0.287153
0 0.578143 0.54046 0.0402706 0.098388
2 0.577498 0.383758 0.0566382 0.0542126
3 0.980907 0.626495 0.0259372 0.0982257
0 0.921602 0.606901 0.0493029 0.099374
3 0.919758 0.64878 0.0629739 0.0940945
0 0.10099 0.516554 0.0467789 0.0945314
0 0.213629 0.497048 0.0363946 0.0879502
2 0.555476 0.353842 0.0467983 0.0572281
3 0.5816 0.574037 0.0428851 0.0810527
3 0.483955 0.40831 0.0342838 0.049601
0 0.0184352 0.512531 0.0235356 0.0770704
3 0.291481 0.446515 0.064297 0.0760929
3 0.958072 0.836881 0.0682739 0.0671358
0 0.337964 0.328143 0.0169798 0.0485548
0 0.370853 0.312053 0.0148651 0.0487103
0 0.894783 0.546128 0.0425827 0.0778375
3 0.218009 0.527207 0.0453298 0.0606058
5 0.526051 0.303147 0.0811069 0.0828182
0 0.822529 0.355362 0.01392 0.0338848
