5 0.216184 0.46761 0.223779 0.193945
2 0.567811 0.455155 0.0532968 0.0668318
2 0.346728 0.757949 0.19486 0.0707235
0 0.57599 0.729686 0.0518599 0.110825
2 0.517328 0.407266 0.0463693 0.0498251
2 0.601683 0.409669 0.0361327 0.0384071
0 0.468195 0.428142 0.014613 0.0385739
0 0.571306 0.578709 0.0310665 0.100476
0 0.649333 0.444205 0.0148723 0.0443322
0 0.427809 0.434132 0.0156696 0.0482758
0 0.623349 0.447894 0.017669 0.0401558
0 0.619685 0.529652 0.0294771 0.0782966
0 0.368766 0.480147 0.024123 0.0681563
3 0.333689 0.536022 0.0307269 0.0669682
2 0.622944 0.372405 0.0225917 0.0258837
3 0.61689 0.55294 0.0267542 0.042332
2 0.567454 0.364041 0.0224813 0.0205759
0 0.345824 0.515987 0.0213014 0.075822
