2 0.34785 0.558883 0.121414 0.143868
2 0.491949 0.656655 0.127507 0.208265
2 0.547016 0.488286 0.072076 0.10609
2 0.484686 0.428101 0.0665753 0.09422
2 0.727025 0.400986 0.0383956 0.0447383
3 0.199011 0.669039 0.0567651 0.114664
0 0.692675 0.673232 0.0399324 0.108482
3 0.114675 0.705823 0.0222387 0.0694013
2 0.591466 0.362746 0.0302533 0.0379065
2 0.704467 0.342903 0.0320786 0.0348916
3 0.692211 0.705675 0.0375353 0.0542224
0 0.693694 0.657784 0.0366016 0.0803589
0 0.640969 0.671927 0.0463951 0.091709
3 0.845748 0.505405 0.0264943 0.0553893
3 0.435108 0.520764 0.0311485 0.0725877
3 0.591548 0.753204 0.0468489 0.0885557
3 0.374115 0.466659 0.0248067 0.0444279
3 0.122101 0.607012 0.0368619 0.0892604
0 0.602967 0.561488 0.0364079 0.0714762
3 0.628616 0.749839 0.119493 0.0931941
3 0.798571 0.466551 0.020779 0.044119
3 0.27413 0.551728 0.0345609 0.0676195
