2 0.604231 0.49515 0.113195 0.10878
2 0.625033 0.64199 0.17945 0.200446
2 0.465561 0.46894 0.090806 0.0979375
2 0.707871 0.460926 0.0913042 0.0720181
2 0.805068 0.56956 0.149536 0.134168
2 0.874714 0.711261 0.0417872 0.133354
2 0.366345 0.385469 0.0599299 0.0671747
2 0.567372 0.420355 0.0724534 0.0587693
2 0.484021 0.411421 0.0636634 0.0667447
0 0.225546 0.754304 0.0421714 0.0803805
2 0.320806 0.352369 0.0491121 0.0469861
2 0.359112 0.762173 0.103005 0.0650305
2 0.279375 0.298668 0.0368044 0.0308217
2 0.607726 0.404081 0.0756105 0.0543189
2 0.369435 0.40344 0.0530619 0.045294
