2 0.403082 0.612135 0.0901129 0.105578
2 0.486092 0.416515 0.0454134 0.0458884
2 0.480005 0.414527 0.0330637 0.0391478
2 0.527251 0.385479 0.0400703 0.0381878
3 0.157082 0.591985 0.0375713 0.0763153
0 0.564408 0.443117 0.0247154 0.0461875
0 0.594073 0.419713 0.0175293 0.0602715
0 0.560451 0.441323 0.0157772 0.0387721
2 0.501884 0.349215 0.028619 0.0457384
3 0.48932 0.703266 0.0753571 0.149527
10 0.76382 0.567791 0.0222806 0.0415578
0 0.146607 0.514071 0.0276392 0.0769332
3 0.157438 0.577999 0.0368431 0.0739205
3 0.153308 0.595892 0.0310466 0.0651352
