2 0.495453 0.71368 0.0963881 0.163471
2 0.412891 0.556974 0.0612173 0.0915883
2 0.638072 0.729287 0.0950526 0.128422
2 0.360824 0.664234 0.0832542 0.127666
2 0.603612 0.601463 0.0707662 0.0889075
0 0.574062 0.764476 0.0329521 0.062045
2 0.300384 0.765596 0.111629 0.0605425
2 0.501148 0.531391 0.0521099 0.0739955
2 0.488731 0.608159 0.0721731 0.0955282
0 0.306426 0.621748 0.0233522 0.0624226
2 0.447286 0.455937 0.0382896 0.0440534
0 0.681427 0.677986 0.031596 0.0914549
2 0.555708 0.4159 0.0338146 0.0379117
0 0.680789 0.663424 0.0271296 0.0639525
2 0.571889 0.531042 0.049574 0.0705241
2 0.568311 0.46615 0.034058 0.0421235
2 0.508432 0.458969 0.0389267 0.044848
