2 0.364156 0.413295 0.0737693 0.0879872
2 0.32188 0.321632 0.0388053 0.0461872
3 0.676516 0.372179 0.0484222 0.0506896
0 0.100122 0.626662 0.0493563 0.137474
0 0.785841 0.523891 0.0415304 0.098589
0 0.235257 0.42246 0.027057 0.0780035
3 0.76417 0.380208 0.0487684 0.0469359
3 0.839369 0.410123 0.0529246 0.0542927
3 0.232735 0.442571 0.0296161 0.0431991
3 0.763604 0.387145 0.0471384 0.0329366
3 0.515374 0.343332 0.0436867 0.0472622
3 0.233749 0.428972 0.0285189 0.0687917
3 0.289088 0.3821 0.0238619 0.0568777
2 0.332381 0.26837 0.0267181 0.0286127
0 0.964569 0.512974 0.0578621 0.166146
