2 0.686059 0.473381 0.140465 0.0742448
2 0.511542 0.457367 0.0697862 0.0714535
2 0.453934 0.549422 0.107831 0.110056
5 0.333557 0.402969 0.108669 0.0958729
2 0.396592 0.457967 0.0527567 0.0722001
3 0.297705 0.641679 0.038943 0.0668597
3 0.149403 0.571143 0.0309022 0.0735404
3 0.196162 0.458678 0.0210666 0.048343
2 0.869219 0.37882 0.052926 0.0399085
3 0.816833 0.536174 0.0688673 0.0730772
3 0.255938 0.491701 0.0272594 0.0516694
0 0.250044 0.449784 0.0202769 0.0668517
2 0.255596 0.381938 0.0563062 0.0307811
3 0.22354 0.540489 0.024427 0.0640729
0 0.223581 0.53856 0.0233554 0.0644625
7 0.438343 0.362856 0.0689116 0.049948
0 0.149221 0.567661 0.0305115 0.0760712
3 0.155541 0.472049 0.0208137 0.0474094
0 0.190715 0.549643 0.0245238 0.0675366
3 0.50074 0.493536 0.0369112 0.0519399
0 0.24993 0.436963 0.0183806 0.0405481
3 0.19029 0.55227 0.0231722 0.0681317
