2 0.679312 0.361401 0.0742775 0.0562808
3 0.20433 0.669801 0.146429 0.122515
0 0.509932 0.726514 0.0628792 0.113149
3 0.286144 0.448155 0.0593881 0.0750277
3 0.531934 0.608608 0.0562275 0.0899126
2 0.734803 0.393405 0.10231 0.0664684
3 0.470528 0.566494 0.0587574 0.0718451
0 0.503123 0.720034 0.0479531 0.101484
3 0.334304 0.467725 0.0575299 0.0755687
3 0.550269 0.50179 0.0538177 0.0750968
3 0.470852 0.380966 0.0361017 0.0470178
0 0.658004 0.436367 0.0243496 0.0551307
3 0.536529 0.430078 0.0548246 0.0680968
0 0.611992 0.495694 0.0314548 0.0748241
3 0.50713 0.751582 0.0864716 0.0885184
3 0.461424 0.575507 0.0415348 0.0531904
0 0.474637 0.537312 0.0451489 0.0692196
3 0.532036 0.590631 0.0556328 0.118089
3 0.358651 0.429167 0.0633101 0.0782538
3 0.471812 0.553979 0.0559812 0.081533
0 0.206079 0.645346 0.0378135 0.103221
