7 0.560353 0.367642 0.108478 0.0751429
0 0.454267 0.505699 0.0215693 0.0676332
7 0.419711 0.422854 0.121416 0.126799
0 0.701225 0.653068 0.0406949 0.0931825
3 0.754906 0.504623 0.026417 0.0520121
0 0.704681 0.646035 0.032773 0.0807751
3 0.481527 0.556971 0.0262395 0.0464965
0 0.67926 0.754117 0.0468473 0.0823511
2 0.73397 0.321306 0.027036 0.0289026
3 0.44629 0.628688 0.0454183 0.0852559
0 0.646955 0.650169 0.0334055 0.0961135
3 0.6373 0.6779 0.03137 0.0594846
0 0.70441 0.409805 0.0160268 0.0574903
0 0.757547 0.454027 0.0181376 0.0362632
3 0.709788 0.535821 0.0262819 0.0629069
3 0.447337 0.644861 0.0418186 0.0523305
0 0.648123 0.456293 0.0182703 0.0476527
0 0.704957 0.391238 0.0151649 0.0498065
3 0.751918 0.511316 0.0286253 0.039524
0 0.445824 0.623327 0.0471401 0.0905192
0 0.552796 0.566796 0.0334516 0.0743474
7 0.56079 0.352019 0.111197 0.108878
