2 0.866944 0.503983 0.0573628 0.0866155
2 0.131506 0.615822 0.055596 0.128301
2 0.752134 0.442412 0.0829173 0.0600479
2 0.287333 0.39084 0.0327006 0.0471594
2 0.405888 0.375146 0.0541645 0.0452204
2 0.609493 0.403662 0.0644691 0.0494826
2 0.514733 0.385253 0.0429315 0.0433027
2 0.550966 0.370874 0.0308914 0.0318757
7 0.474203 0.729336 0.259569 0.123262
7 0.354008 0.360751 0.0342343 0.0356085
0 0.183609 0.430519 0.015835 0.041913
0 0.661698 0.384247 0.0144617 0.0359885
3 0.724458 0.50627 0.0261881 0.0726819
2 0.354395 0.361815 0.0335752 0.0345656
3 0.840241 0.37262 0.0165024 0.0291054
3 0.469659 0.38831 0.0171702 0.0346048
