2 0.708819 0.611168 0.0949909 0.124699
2 0.805879 0.56996 0.0948387 0.106639
2 0.854929 0.707306 0.0835665 0.172813
2 0.36354 0.492564 0.0812121 0.091645
2 0.468648 0.449342 0.0685839 0.0920726
2 0.767763 0.491794 0.0583776 0.0843415
2 0.548038 0.459317 0.0591852 0.085435
2 0.809279 0.44077 0.0508513 0.0542018
2 0.484487 0.37807 0.0407535 0.0449861
2 0.529306 0.379254 0.0371556 0.045963
2 0.568982 0.386738 0.0399545 0.0550823
5 0.344478 0.67879 0.279325 0.223371
7 0.686774 0.461785 0.0667786 0.118185
2 0.556992 0.334639 0.0241042 0.0255941
0 0.689003 0.70183 0.0425919 0.107872
5 0.554191 0.30258 0.0264071 0.0386726
0 0.587532 0.721524 0.0422083 0.0651781
2 0.754325 0.43503 0.0783561 0.0902826
5 0.596436 0.312023 0.0362084 0.0558934
0 0.645858 0.719444 0.0227912 0.099204
0 0.61128 0.621338 0.0371925 0.0889768
3 0.226239 0.60451 0.0465325 0.0753425
3 0.296099 0.498748 0.0278351 0.0617801
