2 0.122602 0.470231 0.0383941 0.0855346
7 0.379284 0.537494 0.226478 0.210717
3 0.248189 0.755832 0.0619599 0.0760225
3 0.149641 0.56523 0.0660272 0.0584282
2 0.77721 0.366446 0.0326805 0.0272505
3 0.136248 0.744061 0.0626175 0.0976882
3 0.628992 0.776655 0.0675542 0.0388094
3 0.755269 0.490132 0.0318094 0.0511694
0 0.261733 0.62304 0.0441883 0.079298
0 0.245952 0.725661 0.0481097 0.114177
0 0.628642 0.776331 0.0681695 0.037838
2 0.290029 0.332713 0.0762393 0.0493465
3 0.668279 0.551995 0.0298991 0.0657627
0 0.356156 0.731351 0.0484696 0.106851
7 0.253865 0.302944 0.0678351 0.0590988
2 0.836565 0.371728 0.0281559 0.0255522
3 0.132405 0.664773 0.0566391 0.103725
3 0.198942 0.540397 0.0538375 0.0637152
3 0.791167 0.429717 0.0166361 0.0374224
2 0.400112 0.327866 0.045541 0.0344273
3 0.856324 0.451686 0.0203667 0.0429711
3 0.639502 0.51091 0.0274464 0.0676012
3 0.200589 0.462052 0.0262599 0.0634624
3 0.314507 0.760455 0.0596225 0.0714921
