2 0.666548 0.734568 0.100487 0.116149
2 0.481853 0.628968 0.0734375 0.133465
2 0.524518 0.50743 0.0402036 0.0651259
2 0.429476 0.483487 0.0410559 0.0550493
2 0.49355 0.763535 0.100759 0.0594029
2 0.595814 0.553998 0.0600028 0.0907426
5 0.58155 0.466033 0.049381 0.0913361
2 0.467094 0.535494 0.0511971 0.070471
0 0.287209 0.645685 0.0265968 0.0776043
2 0.47569 0.384111 0.0213099 0.0267943
0 0.358861 0.512032 0.0167412 0.0440633
2 0.546309 0.622377 0.0299536 0.0619981
5 0.647558 0.657544 0.122025 0.183015
0 0.303205 0.555704 0.0204086 0.0611221
7 0.512558 0.435007 0.0335152 0.0568667
