2 0.787495 0.515472 0.106386 0.117089
2 0.651149 0.537002 0.111568 0.127275
2 0.739843 0.420795 0.0892475 0.0935876
2 0.184618 0.287901 0.0424688 0.0526875
0 0.27983 0.385651 0.0220177 0.0538109
3 0.510182 0.486114 0.0394383 0.0770694
2 0.805395 0.352936 0.0591377 0.0732228
0 0.513534 0.428131 0.0312191 0.0771801
0 0.738464 0.320732 0.0180279 0.0513103
2 0.820938 0.29028 0.043231 0.0424058
0 0.241112 0.384025 0.0195109 0.0576721
2 0.884104 0.339166 0.0271635 0.0486167
2 0.766472 0.260829 0.0177298 0.0383737
7 0.184011 0.286705 0.0428969 0.0547202
