2 0.483249 0.591619 0.115892 0.126309
2 0.521804 0.4031 0.0411388 0.046049
0 0.611061 0.446589 0.0190794 0.0619006
3 0.452512 0.433117 0.0238698 0.0320487
2 0.618346 0.390969 0.0280765 0.036089
3 0.643927 0.535353 0.0264574 0.0610623
3 0.391022 0.42928 0.020763 0.0530477
3 0.451663 0.422279 0.0261776 0.0500933
58 0.76971 0.598301 0.0544007 0.0638421
0 0.391315 0.429859 0.0208513 0.0552795
3 0.260295 0.532794 0.0338678 0.0538678
0 0.637844 0.4436 0.0156335 0.0443517
0 0.643779 0.521221 0.0253051 0.0646145
3 0.268275 0.508578 0.0405984 0.0818109
