2 0.376449 0.360523 0.0703783 0.0875438
2 0.476423 0.316183 0.0973931 0.0796123
2 0.49396 0.539603 0.128255 0.172158
2 0.285142 0.240359 0.0349466 0.0430142
0 0.319897 0.418271 0.0266405 0.084333
7 0.714242 0.356056 0.176148 0.114214
0 0.283612 0.459489 0.0322188 0.088807
2 0.372214 0.275469 0.0657532 0.0739943
5 0.821713 0.290319 0.14731 0.120946
2 0.71729 0.357468 0.176724 0.115754
3 0.283385 0.461209 0.0302856 0.0853469
0 0.289175 0.297242 0.0188902 0.0591746
0 0.222537 0.643961 0.0522589 0.1422
0 0.246524 0.329469 0.0252299 0.053388
3 0.222523 0.644423 0.0526555 0.142113
0 0.288817 0.310432 0.0213984 0.084837
