2 0.666859 0.57238 0.136929 0.108213
2 0.492913 0.493345 0.0709944 0.0825202
2 0.268629 0.407526 0.0868855 0.0699629
2 0.564999 0.476141 0.0711059 0.0717097
2 0.438319 0.381445 0.0365301 0.043509
2 0.437918 0.311099 0.0211119 0.023892
5 0.730474 0.700049 0.328281 0.181278
2 0.245245 0.521824 0.0507749 0.0828936
3 0.315851 0.462604 0.0444874 0.0554641
3 0.873835 0.457251 0.0442799 0.0663393
7 0.370735 0.422935 0.10792 0.0928584
0 0.852489 0.609907 0.0556271 0.0861563
0 0.619801 0.484879 0.026907 0.0617281
