2 0.811797 0.722325 0.136975 0.133975
2 0.659682 0.667737 0.107654 0.126513
2 0.335131 0.628757 0.0917934 0.127236
2 0.606156 0.534938 0.050945 0.0657283
2 0.64845 0.488613 0.0521603 0.0566521
3 0.270464 0.606252 0.0259426 0.0436446
2 0.484649 0.376267 0.0202457 0.0257348
7 0.561196 0.389862 0.0791542 0.150708
2 0.583455 0.479406 0.0440293 0.0402235
3 0.229451 0.568007 0.0233334 0.0473971
3 0.754368 0.516291 0.0298883 0.0435577
2 0.728121 0.69598 0.0421545 0.0805548
3 0.70589 0.55934 0.0238283 0.0509434
