2 0.515236 0.501491 0.0803295 0.0615996
2 0.276269 0.588713 0.183455 0.140984
3 0.544209 0.536089 0.0301296 0.0627092
5 0.22106 0.397626 0.0470876 0.0721582
5 0.874353 0.375357 0.0398155 0.0658746
3 0.7041 0.456807 0.0204529 0.0391563
3 0.419012 0.530202 0.0274264 0.059686
2 0.16799 0.40101 0.044839 0.050625
0 0.585874 0.547347 0.0276169 0.0597454
0 0.419863 0.52219 0.0239092 0.0523911
2 0.221374 0.399837 0.046424 0.0668461
3 0.581833 0.5692 0.0289062 0.0468979
3 0.417015 0.543537 0.0282496 0.0363461
