5 0.721011 0.694868 0.158524 0.192142
2 0.516918 0.436952 0.03464 0.0505795
2 0.525272 0.507858 0.0467097 0.0780011
0 0.348221 0.690583 0.0198831 0.0799373
2 0.454313 0.651356 0.0771019 0.147103
2 0.496988 0.396649 0.0270442 0.0345082
2 0.567829 0.649314 0.0834268 0.159442
0 0.456669 0.544287 0.0192791 0.0619371
7 0.590614 0.485114 0.0577782 0.101424
7 0.139396 0.688337 0.07052 0.207735
2 0.553608 0.410965 0.0343252 0.0571024
2 0.59074 0.486184 0.0585972 0.100746
58 0.699982 0.56979 0.0355415 0.0371199
7 0.552421 0.408645 0.0355844 0.0604324
2 0.515859 0.368039 0.0245797 0.0229441
