2 0.664906 0.566998 0.0702265 0.0962521
2 0.451385 0.586648 0.0627342 0.0995854
2 0.628027 0.475232 0.0509758 0.0710775
2 0.575562 0.607784 0.0728062 0.112451
2 0.50181 0.49616 0.0494125 0.0705907
2 0.592038 0.422606 0.0333761 0.040154
2 0.472572 0.430084 0.0314459 0.0407373
2 0.54407 0.394574 0.0277678 0.0348809
2 0.628455 0.374914 0.041653 0.0322629
2 0.421112 0.491063 0.0488563 0.0571887
2 0.661222 0.40349 0.0711723 0.0407433
2 0.430727 0.417385 0.0339096 0.0450921
0 0.60577 0.557144 0.0234418 0.0637428
0 0.373512 0.769362 0.0336166 0.0533256
0 0.35458 0.637541 0.0281037 0.0918865
2 0.775953 0.757967 0.128898 0.0758569
2 0.486751 0.392931 0.0302627 0.0352998
2 0.544067 0.399812 0.0273047 0.0243612
