2 0.218209 0.579741 0.139132 0.137043
2 0.309951 0.52258 0.135477 0.117523
2 0.770798 0.747832 0.19796 0.095694
2 0.754842 0.457396 0.0874101 0.0648471
2 0.143653 0.387022 0.0522322 0.0530803
2 0.860165 0.408091 0.0563261 0.0445959
2 0.372827 0.326836 0.0461524 0.026126
3 0.565458 0.629651 0.0742986 0.0565581
3 0.142457 0.705354 0.0772913 0.0976443
3 0.138836 0.512826 0.0422061 0.0775896
3 0.573775 0.765038 0.0861473 0.0617468
0 0.580572 0.730462 0.0326506 0.0638237
0 0.589176 0.74616 0.0493391 0.0930488
3 0.356852 0.666473 0.041327 0.0790242
3 0.833187 0.555139 0.0477643 0.0600508
2 0.743259 0.459339 0.0657337 0.0625426
0 0.352875 0.616227 0.0369525 0.0775743
2 0.187104 0.332007 0.068792 0.0390763
3 0.554921 0.769263 0.123645 0.0523051
0 0.562372 0.596367 0.0288111 0.0463335
2 0.207788 0.340048 0.0765063 0.0438161
2 0.211065 0.345971 0.0691515 0.0325342
3 0.144767 0.510436 0.0292488 0.0745475
