0 0.604126 0.746124 0.0518265 0.0988593
3 0.35158 0.469885 0.0527786 0.0700033
3 0.203468 0.530397 0.0729937 0.061357
3 0.442708 0.54913 0.0682919 0.077319
0 0.697285 0.629405 0.0425205 0.0962378
3 0.699645 0.667546 0.0545318 0.0923233
3 0.824423 0.607121 0.0532379 0.0609538
3 0.597406 0.444114 0.0423927 0.0515164
3 0.774692 0.46351 0.0399556 0.0533153
0 0.860132 0.526419 0.0333147 0.065334
3 0.722282 0.446806 0.0357901 0.0573019
3 0.60477 0.756681 0.0532359 0.0808638
2 0.203285 0.280498 0.0322354 0.0442208
0 0.821098 0.569458 0.0393967 0.0646231
