3 0.86763 0.588919 0.0593865 0.0833441
2 0.431415 0.379663 0.0599932 0.0308407
2 0.269794 0.354754 0.0275253 0.0278628
3 0.591446 0.504327 0.0305052 0.057668
3 0.660201 0.528561 0.0413363 0.0513055
3 0.799156 0.614511 0.0626133 0.0868225
3 0.552333 0.459683 0.022217 0.0410944
3 0.644619 0.6294 0.0494063 0.0976237
0 0.455927 0.422537 0.0165062 0.0597561
2 0.650966 0.372042 0.0308229 0.0232474
0 0.659715 0.51541 0.0369883 0.0668374
3 0.49374 0.430175 0.0347708 0.0484775
3 0.64554 0.648184 0.0487823 0.058095
0 0.659835 0.510044 0.0301729 0.0580467
