2 0.230889 0.436592 0.0727645 0.0416743
2 0.360883 0.442042 0.0606473 0.0379978
2 0.454484 0.45007 0.0633913 0.0445597
0 0.281738 0.764503 0.0350752 0.0628023
0 0.328924 0.531822 0.0216215 0.0557889
0 0.482278 0.511876 0.0201072 0.0550229
2 0.28216 0.418663 0.0566493 0.028421
0 0.478984 0.579466 0.0218102 0.0547961
0 0.175261 0.498431 0.0194981 0.0477502
2 0.397043 0.389166 0.0538764 0.0302453
2 0.72106 0.393197 0.037031 0.0453894
0 0.478905 0.590448 0.0236377 0.0773137
3 0.329574 0.653995 0.030898 0.0685778
3 0.329359 0.6377 0.0300488 0.0906972
2 0.602632 0.370838 0.0585581 0.0291365
0 0.354453 0.57835 0.0258418 0.0741307
3 0.151004 0.524061 0.0218108 0.0523599
0 0.384421 0.524917 0.0176645 0.056046
