2 0.426417 0.484784 0.090222 0.112297
2 0.792226 0.453786 0.142358 0.0886695
2 0.85705 0.416024 0.0774265 0.0684875
0 0.319288 0.445535 0.0206055 0.0623899
2 0.352609 0.374276 0.0579038 0.071455
0 0.350351 0.51371 0.0319257 0.0967655
7 0.490273 0.421406 0.1312 0.156047
2 0.39651 0.350539 0.044565 0.0543881
0 0.46735 0.751373 0.0602708 0.0918945
0 0.298844 0.610736 0.0381543 0.112897
3 0.466766 0.751174 0.0615435 0.0902643
3 0.268178 0.445185 0.0220337 0.0527819
2 0.299544 0.330757 0.0312599 0.0345974
0 0.266633 0.445128 0.0229693 0.0575843
0 0.29169 0.379639 0.0211589 0.0714762
3 0.298291 0.638601 0.0388711 0.0866093
2 0.827851 0.330056 0.0530613 0.0478971
