2 0.668835 0.427607 0.117318 0.0605955
0 0.426789 0.704513 0.0391846 0.102632
3 0.526101 0.430221 0.0377885 0.0504476
0 0.506172 0.751066 0.0410015 0.0896375
3 0.734455 0.49152 0.0505589 0.0569759
3 0.492892 0.363247 0.0303259 0.0327633
0 0.365362 0.771035 0.037977 0.0505023
0 0.468396 0.631021 0.0282122 0.0837021
3 0.437177 0.376088 0.0304947 0.0389956
3 0.507083 0.661827 0.0324205 0.0607715
3 0.645428 0.610192 0.0352573 0.079362
0 0.557816 0.711456 0.0431488 0.0937228
0 0.560772 0.641414 0.0387516 0.0911416
2 0.736666 0.338303 0.0376317 0.0441871
3 0.688479 0.470526 0.0427265 0.0535673
3 0.332138 0.381542 0.0428608 0.0482423
3 0.557757 0.739944 0.0403934 0.081866
0 0.604819 0.691591 0.0358126 0.0933174
0 0.747951 0.707333 0.0457741 0.109556
3 0.61019 0.760142 0.0416435 0.0729431
3 0.558175 0.75521 0.0374788 0.0573233
0 0.71183 0.696054 0.0417587 0.0903409
3 0.128987 0.595022 0.0515398 0.0726798
3 0.557589 0.72566 0.043079 0.10656
3 0.424474 0.744998 0.0410795 0.0667777
25 0.156126 0.442572 0.0707085 0.032572
0 0.615785 0.577469 0.0223026 0.0622668
