2 0.39041 0.421227 0.0577796 0.0782142
3 0.375394 0.681785 0.0958041 0.117211
2 0.874005 0.43502 0.0455365 0.0571548
2 0.872028 0.390147 0.0473621 0.0412622
0 0.330948 0.555925 0.0322535 0.0914919
2 0.36777 0.301068 0.0302421 0.0370052
0 0.330784 0.420636 0.0266927 0.0733344
3 0.329739 0.580435 0.031872 0.0669644
0 0.331448 0.535647 0.0305677 0.0537329
3 0.507804 0.683644 0.0513329 0.114296
2 0.872864 0.411734 0.0458054 0.0828094
2 0.366776 0.307015 0.0332852 0.0442629
3 0.877059 0.764317 0.0413509 0.0657805
0 0.412765 0.387673 0.0181595 0.0506591
