0 0.406871 0.728864 0.0318661 0.0906988
0 0.459798 0.746758 0.0333793 0.0951912
7 0.14075 0.686779 0.0743134 0.202898
2 0.879359 0.526153 0.0311401 0.0331346
2 0.701946 0.576011 0.0315225 0.0397956
0 0.452427 0.581886 0.0206028 0.0578356
0 0.816917 0.649953 0.0291344 0.0896726
3 0.51227 0.629583 0.0250612 0.0581455
0 0.535942 0.697368 0.0289915 0.045273
2 0.569467 0.422725 0.0313865 0.0454716
3 0.452916 0.60507 0.0203285 0.0471976
2 0.563496 0.426131 0.022373 0.0379203
3 0.22993 0.623641 0.0666612 0.0540958
