2 0.452649 0.48137 0.164448 0.109978
2 0.63932 0.535073 0.206878 0.125803
2 0.414535 0.424439 0.122223 0.0743928
2 0.777291 0.648004 0.240216 0.148789
3 0.280936 0.47121 0.0586949 0.079556
3 0.311098 0.405997 0.0555079 0.0632418
2 0.71829 0.354807 0.0669799 0.0514662
2 0.135037 0.320862 0.0614448 0.0485363
3 0.785238 0.543848 0.105833 0.0738348
3 0.838673 0.730306 0.117736 0.127448
2 0.777595 0.679521 0.239087 0.21512
3 0.790154 0.40382 0.0376393 0.0614777
3 0.717208 0.398505 0.0377052 0.0468224
3 0.113352 0.594379 0.0195578 0.0895746
3 0.156759 0.444984 0.0481803 0.0714658
