2 0.580039 0.659908 0.121674 0.13665
2 0.516478 0.37239 0.0630657 0.0461272
2 0.409201 0.38691 0.0384629 0.0403037
0 0.383893 0.677565 0.0324366 0.08494
0 0.382355 0.666658 0.0280914 0.0644151
0 0.372361 0.426365 0.0171359 0.045525
0 0.509285 0.454955 0.0196882 0.0513409
2 0.480162 0.361633 0.0508994 0.0314765
0 0.535123 0.412477 0.0158464 0.0477569
7 0.671067 0.510843 0.133553 0.15619
3 0.403488 0.730427 0.0346245 0.0584129
0 0.53788 0.411328 0.0193333 0.048846
0 0.304922 0.467059 0.0214086 0.0668953
2 0.356002 0.314774 0.0534404 0.0462185
