2 0.516711 0.664903 0.0947468 0.145925
2 0.407926 0.393023 0.0255648 0.0310898
2 0.431241 0.458471 0.0428257 0.0572973
2 0.684289 0.5394 0.105317 0.102078
2 0.443845 0.368853 0.0257189 0.0295983
2 0.524551 0.347083 0.0275242 0.0199117
0 0.222484 0.445726 0.0149849 0.0388034
2 0.471635 0.39282 0.0372665 0.0559777
3 0.150863 0.58484 0.0317628 0.0624638
7 0.471089 0.391549 0.0365486 0.0575449
3 0.306307 0.646384 0.026792 0.0524996
7 0.617059 0.372894 0.0452002 0.0415673
0 0.304465 0.614319 0.0286159 0.06744
0 0.25305 0.458233 0.0146102 0.0383798
0 0.218342 0.498561 0.0157289 0.033541
7 0.178271 0.346272 0.11309 0.111748
