2 0.913653 0.716442 0.160687 0.224157
2 0.753571 0.47199 0.104669 0.0995883
2 0.872056 0.376041 0.0927101 0.0564753
0 0.826991 0.723775 0.0577868 0.143946
0 0.568381 0.522515 0.0398291 0.11393
0 0.216966 0.451207 0.0378972 0.0793613
1 0.82865 0.775119 0.0648549 0.11847
2 0.884103 0.37504 0.0682545 0.0535706
0 0.459401 0.57812 0.0474306 0.0902527
0 0.906154 0.553393 0.0450218 0.0922196
0 0.835764 0.455137 0.0263407 0.0734317
0 0.452708 0.573 0.0340662 0.0878512
3 0.565408 0.377404 0.0470327 0.0459568
3 0.0491052 0.654272 0.0790316 0.109558
3 0.481473 0.36075 0.0388752 0.0442151
0 0.260988 0.397357 0.0256364 0.0689148
0 0.838009 0.446698 0.0221748 0.0585203
0 0.884576 0.509789 0.0403073 0.0706083
3 0.570385 0.381004 0.0374155 0.0384874
1 0.840241 0.794988 0.0418396 0.07877
1 0.833164 0.792195 0.0557854 0.0832555
7 0.352257 0.25736 0.0396852 0.0610843
3 0.906337 0.583683 0.0464425 0.0606343
0 0.509616 0.538099 0.0417067 0.109076
3 0.834698 0.457686 0.025499 0.0700953
