2 0.544214 0.44919 0.0822561 0.0693969
2 0.433126 0.398567 0.0575211 0.0808408
2 0.262164 0.576629 0.150351 0.146839
2 0.516627 0.322619 0.0219293 0.0228754
2 0.192847 0.425434 0.108525 0.0588601
2 0.563247 0.342043 0.0278162 0.0356449
2 0.418627 0.626839 0.0824073 0.154935
0 0.516565 0.500049 0.0209448 0.0632724
0 0.627591 0.44659 0.0216183 0.0541069
3 0.627563 0.446983 0.0216618 0.0550121
2 0.568476 0.346313 0.0331529 0.0297488
9 0.853736 0.511047 0.0364656 0.0951193
2 0.772892 0.38078 0.0342716 0.0325061
2 0.612026 0.349176 0.0234252 0.0319582
3 0.51713 0.502276 0.0228766 0.0644648
