2 0.21613 0.603738 0.16531 0.106365
2 0.581917 0.500087 0.0908529 0.0799285
2 0.633734 0.433048 0.0625166 0.0478494
5 0.348133 0.656308 0.232218 0.205799
2 0.702788 0.384003 0.0471703 0.0401672
2 0.871786 0.360129 0.03829 0.0340485
2 0.811744 0.354143 0.0448341 0.0401684
7 0.318095 0.44664 0.153462 0.129699
2 0.220988 0.458582 0.0942653 0.0868216
7 0.596562 0.574015 0.126884 0.133039
2 0.596928 0.572747 0.125143 0.135848
2 0.654193 0.350296 0.0550717 0.0470807
2 0.644214 0.355147 0.0347968 0.0415012
2 0.868755 0.325467 0.0302189 0.025771
2 0.640539 0.359419 0.0289083 0.0318434
