2 0.516979 0.59345 0.0830326 0.101881
0 0.426925 0.748943 0.0471006 0.0885901
2 0.611647 0.374555 0.0578198 0.0318664
0 0.515291 0.745246 0.0446875 0.0996784
0 0.2266 0.610915 0.0226213 0.0729758
3 0.317623 0.7515 0.0698682 0.0907273
0 0.582222 0.610561 0.0287932 0.0619781
0 0.698919 0.567909 0.0282322 0.0688779
0 0.678303 0.479573 0.0200193 0.0513119
0 0.668849 0.548791 0.0231964 0.0731449
3 0.425709 0.764804 0.0489996 0.0629792
0 0.515502 0.731953 0.0414606 0.0753755
3 0.588498 0.650671 0.0450473 0.0504344
3 0.706742 0.604791 0.0342602 0.0346297
0 0.152222 0.640931 0.0275607 0.0847484
3 0.363645 0.619782 0.0325467 0.0582829
