2 0.239018 0.484243 0.106241 0.0965212
2 0.609811 0.621015 0.160818 0.179349
2 0.575416 0.479667 0.110556 0.104565
2 0.470254 0.468932 0.0846593 0.106429
2 0.471464 0.402833 0.0662499 0.0685663
2 0.318199 0.403577 0.0523138 0.0649612
2 0.821056 0.631747 0.10753 0.143255
2 0.838873 0.579846 0.116509 0.172685
2 0.338541 0.327869 0.0305533 0.0331112
2 0.476601 0.333883 0.04487 0.0419252
2 0.539973 0.405214 0.0680316 0.0512202
2 0.645502 0.422198 0.0774452 0.0689494
2 0.29414 0.362865 0.0427575 0.0479984
2 0.755727 0.472494 0.106452 0.0878869
0 0.852874 0.756623 0.0324459 0.0664375
3 0.349688 0.705819 0.0489813 0.139262
5 0.39712 0.47947 0.0937728 0.178028
3 0.776376 0.736008 0.0750623 0.111075
0 0.431791 0.664675 0.0436268 0.0896179
2 0.244539 0.30318 0.0372061 0.0305835
3 0.436115 0.715167 0.0427474 0.0933435
0 0.227273 0.730468 0.043902 0.0674383
0 0.514339 0.591181 0.0430359 0.0967725
2 0.571019 0.377016 0.0799351 0.0863773
0 0.462776 0.572048 0.0352261 0.0541711
0 0.287061 0.545143 0.0286352 0.0936089
5 0.731703 0.563067 0.201172 0.232313
0 0.227393 0.742393 0.0464888 0.0928347
0 0.63363 0.757283 0.0502929 0.0763123
0 0.287048 0.526643 0.0272924 0.0564548
7 0.397411 0.479308 0.0945994 0.178552
3 0.286939 0.565198 0.0275254 0.0609869
3 0.227853 0.773856 0.0456363 0.0462395
0 0.348621 0.610002 0.0307118 0.0893607
2 0.28145 0.314907 0.0310384 0.0373839
0 0.461699 0.589599 0.0388165 0.0900238
0 0.576266 0.701865 0.0631878 0.110423
3 0.227537 0.758619 0.0488242 0.0755745
0 0.344589 0.546 0.0276375 0.0735683
0 0.348566 0.629996 0.0329751 0.125208
2 0.288309 0.353428 0.0494446 0.0460412
0 0.346422 0.557124 0.0299021 0.0917718
0 0.348468 0.655636 0.0415676 0.128186
