5 0.730243 0.661547 0.328243 0.260575
5 0.460793 0.658492 0.186883 0.268264
2 0.371721 0.400615 0.0908972 0.0694127
0 0.828876 0.515878 0.037212 0.0734981
0 0.245756 0.525455 0.0268892 0.077389
3 0.830523 0.534399 0.0411747 0.0422629
0 0.344186 0.766284 0.0506025 0.0616475
3 0.301018 0.556382 0.0257445 0.0663428
0 0.828635 0.504086 0.0326779 0.0481702
0 0.2942 0.521058 0.028793 0.0672474
0 0.267542 0.320456 0.0175775 0.0503992
3 0.245402 0.534655 0.026777 0.0623276
3 0.594227 0.448537 0.0275255 0.0556415
