2 0.168976 0.411572 0.101483 0.0754072
2 0.553129 0.384165 0.0652075 0.0604976
5 0.402569 0.418106 0.145519 0.129297
2 0.627905 0.359816 0.0432518 0.0418208
2 0.440986 0.490615 0.0822076 0.123986
2 0.401873 0.417934 0.145203 0.128216
7 0.493419 0.663595 0.254071 0.25095
2 0.698556 0.32919 0.0450028 0.0327929
2 0.746224 0.307448 0.0423223 0.0295847
3 0.166639 0.517349 0.0812556 0.0995671
0 0.664906 0.54399 0.0377457 0.0847071
7 0.402498 0.418084 0.144784 0.128633
0 0.779124 0.40602 0.0196527 0.0606045
2 0.257827 0.448634 0.0805783 0.0797138
0 0.726648 0.432273 0.0184696 0.0840655
0 0.724398 0.444 0.0213349 0.0763229
3 0.257897 0.449177 0.0813652 0.0813198
