3 0.152294 0.70162 0.100479 0.16886
3 0.302046 0.669194 0.0873296 0.175589
7 0.58821 0.365591 0.0709601 0.108878
2 0.686501 0.308618 0.0275017 0.0368244
3 0.638822 0.407649 0.0256832 0.0565467
0 0.346517 0.504884 0.0462962 0.0877461
3 0.424528 0.591819 0.0470374 0.122033
0 0.304035 0.615434 0.0733392 0.171332
3 0.506494 0.430755 0.0231539 0.058703
0 0.433839 0.489755 0.0403498 0.0944397
0 0.132562 0.681638 0.0582993 0.140302
0 0.427986 0.547407 0.0433956 0.113316
2 0.644576 0.314503 0.0317577 0.0330883
5 0.588857 0.364679 0.0704861 0.109201
3 0.276152 0.644744 0.0386045 0.096114
2 0.642667 0.319784 0.0277742 0.0254072
0 0.301198 0.593968 0.0499085 0.126776
0 0.435057 0.472987 0.0392822 0.114628
3 0.347078 0.533671 0.0514656 0.0812871
