2 0.338905 0.478162 0.0543026 0.0795453
2 0.314402 0.366706 0.0282588 0.0310504
5 0.218559 0.478304 0.130291 0.194162
2 0.282215 0.355858 0.021534 0.0247334
2 0.509127 0.382074 0.0437437 0.0345656
7 0.472962 0.723224 0.261171 0.135511
2 0.777464 0.356688 0.0292154 0.0305917
0 0.764394 0.46522 0.0222102 0.0547443
0 0.468968 0.381569 0.0116244 0.0291481
0 0.734838 0.420052 0.0149978 0.0388212
5 0.661592 0.412212 0.0690462 0.0890939
3 0.435374 0.416085 0.0226921 0.0355899
2 0.597543 0.399921 0.0581424 0.0375991
2 0.662015 0.412198 0.0705742 0.0890791
7 0.661796 0.412593 0.0697766 0.0883274
2 0.219799 0.381171 0.0291015 0.0260398
3 0.395696 0.422557 0.024309 0.0296169
