2 0.751119 0.543495 0.081679 0.0951685
2 0.68654 0.43853 0.0517726 0.0616759
2 0.432899 0.413987 0.0474008 0.0433313
3 0.17806 0.662689 0.0556995 0.102027
2 0.206097 0.395718 0.0317208 0.0303611
2 0.773213 0.35019 0.0269396 0.0276014
2 0.235704 0.365204 0.0262373 0.0260311
3 0.331609 0.495359 0.0224929 0.0600301
3 0.131365 0.564181 0.0455718 0.07859
3 0.200942 0.481959 0.0303621 0.053073
7 0.473908 0.723192 0.260821 0.134765
0 0.58497 0.383651 0.0135447 0.0288588
3 0.381364 0.460512 0.0270095 0.0491335
0 0.271613 0.522595 0.0257856 0.0589408
0 0.181984 0.575552 0.0389311 0.0663473
3 0.245226 0.57679 0.0326193 0.0637002
3 0.254811 0.464618 0.0212778 0.0488408
0 0.657692 0.47849 0.0180254 0.0550665
2 0.411128 0.33863 0.0208895 0.0218098
0 0.606314 0.380721 0.0132982 0.0287339
3 0.299953 0.472555 0.0229981 0.0502547
0 0.258843 0.531593 0.0432686 0.0586727
3 0.510024 0.379427 0.0355783 0.0392705
3 0.544696 0.386867 0.0185568 0.0409164
