2 0.620125 0.454449 0.0636513 0.090108
3 0.695696 0.486808 0.0226847 0.0666546
2 0.518156 0.433325 0.051758 0.0598708
3 0.532624 0.569638 0.0323475 0.0572561
2 0.611868 0.361857 0.0286517 0.0318265
0 0.634016 0.589571 0.0266746 0.0754515
0 0.700032 0.429721 0.0250161 0.0651726
3 0.563185 0.527292 0.0316721 0.0785658
3 0.117273 0.43272 0.0256304 0.0463308
2 0.715451 0.386529 0.028966 0.0353973
2 0.638057 0.337245 0.029221 0.0255654
3 0.638763 0.608338 0.0353552 0.0628113
0 0.457419 0.416342 0.0115234 0.0334844
3 0.564778 0.539979 0.0313396 0.0544896
7 0.524253 0.332291 0.0479134 0.045074
2 0.882061 0.485477 0.0293678 0.0339213
2 0.57201 0.40333 0.0358765 0.0454077
0 0.634429 0.5953 0.0369419 0.0866263
3 0.641901 0.619847 0.0306025 0.040521
