2 0.441982 0.453631 0.0729793 0.0917657
2 0.314974 0.34762 0.0405573 0.0580099
0 0.709723 0.31853 0.0118892 0.0465317
0 0.43445 0.693204 0.0389809 0.0954271
0 0.344755 0.466451 0.0196792 0.0525814
2 0.581749 0.325723 0.025959 0.029435
3 0.488599 0.617482 0.0331362 0.0662292
0 0.28523 0.37632 0.0133987 0.036054
3 0.436532 0.733357 0.0338753 0.0846536
0 0.486097 0.582538 0.0296051 0.0661359
3 0.439851 0.739593 0.0280363 0.0760678
0 0.317224 0.428093 0.0188767 0.0442939
2 0.581405 0.316268 0.0261495 0.0484888
0 0.482842 0.576738 0.0214979 0.0557496
