2 0.554217 0.600825 0.104651 0.126279
2 0.662018 0.471153 0.0530395 0.0781857
5 0.327518 0.589336 0.201352 0.265007
2 0.710218 0.405872 0.0372957 0.0434353
0 0.663164 0.735791 0.046522 0.115045
7 0.597455 0.442029 0.0616279 0.0912217
0 0.738164 0.515505 0.0253234 0.0585425
2 0.612576 0.356478 0.0330057 0.0288874
2 0.637748 0.426025 0.0334644 0.0381404
7 0.327307 0.58881 0.201311 0.265517
7 0.516964 0.429828 0.0738939 0.107947
2 0.733288 0.347407 0.0238052 0.024488
2 0.55821 0.401968 0.0275737 0.0470239
2 0.882121 0.484008 0.0284875 0.0320919
2 0.471229 0.428682 0.0353982 0.0546547
2 0.155504 0.355731 0.0298047 0.02829
2 0.657815 0.398273 0.0370402 0.0370023
