2 0.579766 0.440456 0.118501 0.101555
2 0.390101 0.541127 0.152786 0.131751
2 0.502365 0.432669 0.105906 0.0749501
2 0.139589 0.642788 0.0726252 0.132914
2 0.702121 0.354648 0.0678837 0.053447
0 0.761608 0.564369 0.0385065 0.0929886
3 0.759395 0.616778 0.0410715 0.0758641
2 0.177181 0.403611 0.0562235 0.0503386
2 0.875676 0.300019 0.0375048 0.0357632
2 0.804877 0.334624 0.0545084 0.052051
3 0.742911 0.441119 0.0241047 0.0649368
2 0.85295 0.286952 0.032299 0.028886
0 0.404729 0.378208 0.0153186 0.0541168
