5 0.564813 0.496811 0.272239 0.184207
2 0.217283 0.581224 0.176643 0.157956
2 0.825727 0.488785 0.098583 0.0637288
2 0.156946 0.407202 0.0538703 0.0715095
2 0.347053 0.334003 0.0590451 0.0317139
3 0.368963 0.557959 0.0505454 0.0876957
3 0.687203 0.630155 0.054274 0.0589935
3 0.472055 0.669733 0.0803101 0.0892826
2 0.559104 0.338327 0.080492 0.0350231
2 0.775078 0.444307 0.0470678 0.0494303
3 0.75231 0.660921 0.0530102 0.0725428
0 0.752546 0.652319 0.0527613 0.0937837
2 0.576759 0.338432 0.0452476 0.0334664
2 0.298744 0.32918 0.0581015 0.0302846
2 0.544436 0.341401 0.051417 0.0313109
3 0.283552 0.527703 0.0412086 0.0759276
3 0.1134 0.488293 0.0195294 0.07107
0 0.451963 0.614201 0.0587358 0.102845
3 0.368546 0.485795 0.0475561 0.059974
3 0.620003 0.589654 0.0522169 0.0662385
2 0.775861 0.403149 0.0317036 0.0369127
3 0.284687 0.539097 0.0403001 0.056726
3 0.687554 0.617659 0.0526381 0.0805697
0 0.618179 0.564313 0.0395265 0.0587547
0 0.618879 0.575475 0.0495762 0.0799737
