2 0.616968 0.488851 0.077104 0.0717321
2 0.652465 0.378296 0.0497225 0.0459302
2 0.491499 0.458984 0.0664764 0.0801713
2 0.621227 0.63077 0.132253 0.173255
2 0.429693 0.390101 0.0352913 0.0401396
0 0.586207 0.758431 0.0503082 0.0790724
2 0.472451 0.36302 0.0355133 0.0357063
2 0.377966 0.376433 0.0308409 0.0436683
2 0.425364 0.340012 0.0266488 0.0254543
2 0.4313 0.477046 0.0233564 0.0650027
2 0.379482 0.38376 0.0303766 0.0275156
0 0.42477 0.569508 0.0301664 0.0892698
3 0.674583 0.463782 0.0237992 0.0510933
3 0.425971 0.591881 0.0279666 0.0553069
0 0.179332 0.59876 0.0371151 0.0891866
0 0.584198 0.423164 0.0166919 0.0414353
3 0.720505 0.516666 0.0362054 0.0546946
3 0.431571 0.478731 0.0240929 0.0656955
0 0.618951 0.434607 0.0167026 0.040135
3 0.425775 0.577376 0.0292002 0.0800432
0 0.672762 0.462208 0.0195217 0.0486157
2 0.383488 0.428239 0.0165968 0.0395149
0 0.146947 0.670598 0.0508196 0.101964
0 0.52982 0.383462 0.0138803 0.0421454
