2 0.790148 0.523391 0.147835 0.102742
2 0.306727 0.340436 0.026944 0.0314145
2 0.26649 0.643575 0.0995298 0.185184
2 0.878823 0.485496 0.0347187 0.0646775
3 0.650157 0.506387 0.057729 0.0712729
11 0.527193 0.372556 0.0228187 0.0340026
0 0.549529 0.455017 0.0226097 0.0543073
2 0.58038 0.30972 0.0205019 0.0313556
11 0.526235 0.342601 0.0221284 0.0308039
3 0.657671 0.508115 0.0431826 0.0672991
11 0.52676 0.357506 0.0237577 0.0631229
2 0.343302 0.298507 0.0257639 0.0207305
0 0.613099 0.439828 0.0171406 0.0518185
0 0.550131 0.469924 0.0255775 0.0846776
3 0.727756 0.445813 0.0708874 0.068069
0 0.786754 0.38224 0.0148138 0.0562685
