2 0.607723 0.64034 0.114377 0.152902
2 0.739134 0.595743 0.124847 0.105859
2 0.488598 0.462768 0.0444195 0.0553357
2 0.566092 0.456884 0.0552449 0.0544187
0 0.235129 0.759691 0.0371788 0.0766058
2 0.488541 0.393737 0.0246229 0.0256769
2 0.529886 0.422313 0.0338646 0.0356492
0 0.605565 0.501555 0.0219109 0.0389399
3 0.735345 0.516118 0.0416147 0.0605334
0 0.231797 0.750235 0.0330024 0.059455
0 0.440588 0.45076 0.0119822 0.043336
0 0.656682 0.479378 0.0187575 0.046518
0 0.423365 0.497232 0.0170126 0.055066
