2 0.336256 0.560722 0.0956496 0.129305
2 0.679219 0.50497 0.0534652 0.0739122
2 0.467144 0.439625 0.0494369 0.0803478
2 0.143058 0.714841 0.0791278 0.154725
5 0.718948 0.413823 0.0972586 0.107008
2 0.217751 0.74681 0.174677 0.0944816
2 0.473794 0.380075 0.0322806 0.0393311
2 0.455619 0.631223 0.0946139 0.187353
2 0.424665 0.341785 0.0295511 0.0349787
2 0.397718 0.389838 0.0527255 0.0849729
7 0.456213 0.630765 0.0958506 0.186644
5 0.397452 0.388892 0.0529942 0.0824482
2 0.441727 0.30187 0.0173477 0.0258135
3 0.837714 0.493069 0.0323241 0.0379118
