2 0.596927 0.55088 0.0870581 0.098423
3 0.45999 0.409826 0.0180473 0.0460586
0 0.3131 0.596625 0.0334396 0.0760575
0 0.632174 0.641771 0.0300004 0.0869138
3 0.71857 0.421084 0.0236839 0.0440562
0 0.379792 0.595414 0.0345345 0.0760278
0 0.50583 0.434167 0.0191424 0.0484625
0 0.238568 0.454403 0.0258843 0.0681512
3 0.379114 0.606501 0.0376882 0.091305
0 0.529307 0.406843 0.0170744 0.0433863
2 0.224523 0.405054 0.069932 0.0330927
3 0.659798 0.419258 0.0224167 0.0534422
3 0.648865 0.487399 0.0208447 0.0505457
3 0.310305 0.634172 0.0347857 0.0572774
3 0.487805 0.479333 0.0298436 0.0611253
0 0.649199 0.486441 0.0214018 0.0517499
3 0.709601 0.417809 0.0267081 0.0431059
