2 0.583676 0.5947 0.134786 0.170977
3 0.480053 0.648319 0.0352157 0.0906771
2 0.582114 0.326315 0.0254802 0.029101
0 0.356504 0.631427 0.0329361 0.0872629
0 0.412511 0.623468 0.0365132 0.0871592
2 0.489454 0.307789 0.0310149 0.0444012
0 0.299937 0.58086 0.028081 0.0791186
3 0.414181 0.660345 0.0356797 0.0710642
3 0.357625 0.668991 0.0319404 0.0765623
0 0.709735 0.317852 0.0118891 0.0449736
2 0.582284 0.320302 0.0254655 0.039353
2 0.51968 0.358678 0.0428341 0.0605455
0 0.479038 0.600334 0.030899 0.0458139
0 0.479346 0.626908 0.03423 0.100205
0 0.359196 0.441739 0.0182916 0.0546456
0 0.321157 0.444585 0.0198537 0.0565051
