2 0.462177 0.686684 0.222375 0.196234
2 0.439076 0.490159 0.143057 0.0669203
3 0.264369 0.757695 0.118211 0.0693593
2 0.718215 0.471964 0.0846085 0.0552787
2 0.639339 0.363702 0.0583172 0.0328901
2 0.702038 0.551466 0.126931 0.0807731
2 0.244313 0.324518 0.0538652 0.0275948
2 0.758091 0.425457 0.0411731 0.0488157
3 0.263937 0.742949 0.119917 0.0991189
3 0.713931 0.604023 0.0638975 0.0743244
3 0.473951 0.537952 0.0768764 0.0658598
2 0.625368 0.514086 0.113082 0.0871496
3 0.614949 0.603248 0.0700238 0.0718347
2 0.548303 0.33369 0.065222 0.0495677
2 0.18278 0.313077 0.0472703 0.0332147
2 0.727053 0.384043 0.0581062 0.0343471
2 0.39527 0.333356 0.0475312 0.029427
0 0.267676 0.603937 0.0596236 0.0760286
3 0.250107 0.656344 0.088649 0.0936959
3 0.155084 0.472191 0.0561632 0.0696876
3 0.145443 0.55451 0.0467349 0.0616129
3 0.312881 0.57567 0.0497738 0.0714177
3 0.145645 0.536454 0.0499739 0.0963721
3 0.143239 0.358507 0.0312582 0.0422105
0 0.268985 0.738095 0.0409378 0.097511
3 0.356167 0.469633 0.042548 0.0398332
