2 0.630344 0.675454 0.1853 0.192425
3 0.784018 0.737019 0.0835607 0.109592
2 0.222436 0.338494 0.0475442 0.064147
3 0.624905 0.556331 0.0433791 0.0622966
3 0.624237 0.544628 0.0452631 0.0800296
3 0.361807 0.679929 0.0333044 0.0885699
7 0.310326 0.345448 0.059039 0.10583
3 0.130926 0.522631 0.0456011 0.0752272
3 0.674762 0.59963 0.0410441 0.05329
3 0.831013 0.537412 0.0367604 0.0674677
3 0.257163 0.506244 0.0431631 0.0633763
3 0.362775 0.492134 0.0230944 0.0660927
0 0.470686 0.416509 0.0223307 0.0510404
0 0.360993 0.633444 0.0389172 0.0670983
3 0.252748 0.511942 0.0397747 0.0531855
3 0.677226 0.612527 0.0465988 0.0798857
2 0.241007 0.457641 0.0660223 0.0644885
3 0.32902 0.538859 0.0260539 0.0688035
3 0.425945 0.518816 0.0270628 0.080071
3 0.841492 0.407419 0.0639465 0.0495909
0 0.361151 0.651758 0.0349242 0.102867
0 0.425926 0.510085 0.0255188 0.0726016
3 0.699487 0.431385 0.0464254 0.0531246
5 0.311247 0.344709 0.0558857 0.107371
3 0.789768 0.400402 0.0285929 0.0449201
