5 0.798314 0.508008 0.195894 0.237036
2 0.391289 0.620441 0.0962437 0.145119
2 0.374056 0.737269 0.119297 0.115132
2 0.521684 0.668425 0.0999199 0.199369
2 0.136015 0.447111 0.0648881 0.0708064
2 0.30061 0.549443 0.0876855 0.104224
2 0.516224 0.547048 0.0714148 0.10279
2 0.186241 0.466995 0.0968693 0.0821207
2 0.34427 0.41721 0.0514491 0.0606891
2 0.284693 0.384712 0.0479473 0.0551306
2 0.195932 0.457307 0.0777105 0.0673118
0 0.181999 0.706595 0.0554638 0.138737
2 0.487698 0.409467 0.0426971 0.0751464
2 0.426377 0.37246 0.0372449 0.0279337
0 0.197782 0.766648 0.043197 0.0620814
2 0.130291 0.538013 0.0535138 0.111798
0 0.273346 0.683297 0.0424598 0.10183
0 0.464624 0.754476 0.0422518 0.0840077
2 0.426711 0.378756 0.0405577 0.0422517
0 0.17187 0.746414 0.0335212 0.0966117
