2 0.836134 0.434846 0.116097 0.0767637
2 0.418056 0.447571 0.116814 0.101945
2 0.315798 0.301347 0.0331002 0.037148
2 0.216839 0.348575 0.0412806 0.0544568
2 0.29233 0.351919 0.0412392 0.0473201
0 0.73879 0.757212 0.0657002 0.0768023
2 0.277732 0.309339 0.0255335 0.0239884
0 0.574966 0.461456 0.0263306 0.060542
2 0.23531 0.270737 0.0338655 0.0270152
2 0.205689 0.297667 0.0307859 0.0348314
3 0.361354 0.336676 0.0235626 0.0416334
0 0.47419 0.403279 0.0188145 0.04618
3 0.665846 0.631224 0.056764 0.0937223
3 0.474927 0.403837 0.0193732 0.0461201
0 0.397672 0.348311 0.0176326 0.0488545
