5 0.672744 0.455946 0.0505884 0.0766903
2 0.455874 0.442736 0.0740124 0.0765439
0 0.373331 0.754153 0.0441012 0.0840867
2 0.569263 0.368979 0.0297043 0.0444876
0 0.560288 0.659092 0.0420687 0.110752
0 0.544705 0.495589 0.0168726 0.0558906
3 0.392017 0.443183 0.0236001 0.0480716
3 0.55764 0.695346 0.0442215 0.108549
0 0.406364 0.749999 0.0384926 0.0902805
3 0.319174 0.488901 0.0310482 0.0526399
2 0.644459 0.363555 0.0210062 0.0207605
9 0.2588 0.325462 0.0119616 0.032569
2 0.645294 0.375664 0.0201422 0.0426403
3 0.604953 0.507809 0.0258559 0.0611251
2 0.679493 0.36426 0.018506 0.026903
3 0.55578 0.71499 0.0390226 0.0739983
0 0.39198 0.437398 0.0219432 0.0572968
0 0.612071 0.451717 0.0153319 0.0433109
2 0.404715 0.346561 0.0171382 0.0231329
0 0.546713 0.494212 0.0217907 0.0651863
