2 0.432596 0.409541 0.0451879 0.051318
3 0.524747 0.608146 0.0424291 0.0512307
0 0.452631 0.527185 0.0299128 0.0712724
3 0.411517 0.483859 0.0270219 0.0569042
3 0.689979 0.556922 0.0359602 0.0614599
3 0.859123 0.669595 0.0682342 0.111203
3 0.669159 0.747696 0.0646894 0.0974565
0 0.288892 0.493878 0.0193262 0.0609077
3 0.330723 0.455405 0.0202376 0.0580724
3 0.452583 0.531698 0.0319153 0.0619722
3 0.355707 0.417503 0.0276661 0.0407851
3 0.71803 0.649699 0.0514712 0.0931128
2 0.443348 0.330683 0.0268442 0.0297783
3 0.639465 0.540671 0.0363015 0.0695765
