5 0.480441 0.380149 0.17446 0.140594
2 0.702336 0.637589 0.171365 0.175738
2 0.394056 0.442099 0.0741087 0.0822415
2 0.375076 0.343359 0.0470348 0.0444856
0 0.278471 0.45179 0.0195716 0.0545916
1 0.299254 0.534233 0.0275635 0.063664
0 0.330213 0.461434 0.0210587 0.0560067
0 0.492958 0.662064 0.0552931 0.131675
0 0.330707 0.476528 0.0227648 0.0849586
1 0.351876 0.653913 0.0299005 0.0820108
0 0.743981 0.395886 0.0175649 0.0471701
2 0.292128 0.336088 0.0341024 0.0423036
0 0.348148 0.623208 0.035336 0.0875458
0 0.332137 0.487907 0.0224005 0.0604478
