2 0.329586 0.447694 0.092915 0.113007
0 0.444104 0.417705 0.0194214 0.0592168
0 0.597865 0.47781 0.0384224 0.0769311
0 0.28332 0.656867 0.0355657 0.068378
2 0.365363 0.315317 0.0346865 0.0692687
2 0.869634 0.395178 0.0515217 0.0657303
3 0.289105 0.688414 0.113308 0.0975265
0 0.594687 0.472278 0.0310372 0.0682456
0 0.644261 0.568994 0.0559387 0.0746541
3 0.443081 0.496001 0.0364138 0.0628467
0 0.443125 0.485016 0.0378048 0.0845205
3 0.644659 0.572293 0.0574247 0.0781788
0 0.827087 0.396903 0.0201748 0.0509515
