2 0.626081 0.479147 0.0467299 0.0610404
2 0.710888 0.580768 0.0808823 0.103391
0 0.771806 0.758197 0.0499659 0.078144
2 0.408447 0.401094 0.0310351 0.0450549
3 0.434691 0.546895 0.01996 0.0616347
3 0.534884 0.489978 0.021371 0.0514007
3 0.491263 0.529449 0.0232388 0.0605587
3 0.49814 0.642038 0.026223 0.0506362
2 0.596684 0.391435 0.0282394 0.0268906
3 0.382226 0.563961 0.0282737 0.0651887
3 0.235898 0.573647 0.0355647 0.0592511
3 0.499099 0.626985 0.026865 0.0782587
0 0.491458 0.515341 0.0248028 0.0797272
3 0.158671 0.589475 0.0372273 0.0564745
3 0.160411 0.573342 0.0393651 0.0729817
0 0.28871 0.501095 0.0216325 0.0592319
3 0.432563 0.552719 0.0224362 0.0575974
0 0.210277 0.538412 0.025898 0.0444863
