2 0.474944 0.645236 0.121994 0.150598
2 0.26005 0.594002 0.161483 0.16989
2 0.403309 0.468457 0.0843964 0.0954706
3 0.297365 0.469087 0.0372257 0.0501808
3 0.646365 0.629293 0.0365032 0.0920799
2 0.554115 0.365327 0.0364103 0.0407098
3 0.602534 0.567376 0.0340736 0.0671236
3 0.245576 0.509684 0.0471481 0.0613647
3 0.355943 0.455853 0.0322257 0.0712535
3 0.297596 0.4583 0.0372556 0.0726249
0 0.611918 0.431524 0.0184551 0.049418
0 0.647049 0.625877 0.0373401 0.0914446
3 0.168762 0.522481 0.0545679 0.0692338
3 0.404108 0.384375 0.0260842 0.0458641
3 0.165673 0.533714 0.0497229 0.0588397
0 0.615182 0.50724 0.0225761 0.0670395
3 0.646195 0.45712 0.0215404 0.0473809
