2 0.463074 0.421637 0.101979 0.0778163
2 0.229102 0.682804 0.249782 0.206081
2 0.392635 0.527625 0.151155 0.117335
2 0.555979 0.456613 0.10486 0.0733074
3 0.37383 0.726762 0.0882298 0.112582
3 0.352154 0.438204 0.0489117 0.0486645
2 0.619252 0.365986 0.0717593 0.0622588
0 0.700213 0.531414 0.0357745 0.067187
3 0.13533 0.510178 0.0656703 0.0889261
3 0.512861 0.650262 0.0598732 0.0844966
2 0.740355 0.314102 0.0380011 0.0341178
3 0.643882 0.504045 0.0327358 0.0820636
3 0.254269 0.441733 0.0541703 0.0606087
2 0.701033 0.333047 0.0384226 0.0376515
0 0.386172 0.692252 0.0330992 0.0992631
0 0.356616 0.696406 0.036906 0.0814502
3 0.698212 0.574122 0.0335538 0.0485879
3 0.76619 0.386776 0.0188768 0.0438131
0 0.361429 0.704732 0.0419234 0.096327
0 0.553859 0.515467 0.0379089 0.104818
0 0.517625 0.618814 0.0507124 0.0988101
3 0.564109 0.390822 0.0259997 0.0496253
0 0.5562 0.499752 0.0355287 0.0929078
