2 0.358601 0.47981 0.0908773 0.0564256
2 0.316146 0.379482 0.0292108 0.0345439
3 0.394601 0.687312 0.0397741 0.0682465
7 0.190158 0.445031 0.125143 0.0798703
2 0.344559 0.437038 0.0388145 0.0503521
2 0.404315 0.36934 0.0289085 0.0292573
2 0.405857 0.4371 0.0432846 0.0580394
2 0.397776 0.436006 0.0595455 0.0608137
0 0.648824 0.55674 0.0236051 0.0769428
2 0.363197 0.397078 0.0367313 0.0269809
0 0.679806 0.566549 0.0315359 0.0718385
3 0.277986 0.44506 0.0254705 0.047271
0 0.390426 0.641845 0.0386421 0.0701502
0 0.67935 0.564258 0.022207 0.068353
3 0.550648 0.528269 0.0432835 0.0492158
2 0.309927 0.321723 0.016296 0.0175216
0 0.607522 0.536025 0.0161379 0.0686105
2 0.459482 0.327715 0.0266338 0.0222575
0 0.787538 0.378988 0.0152043 0.0341199
2 0.293664 0.416566 0.0374 0.0497631
