2 0.444616 0.466097 0.086381 0.0937594
2 0.438259 0.598054 0.110393 0.156702
0 0.327587 0.479841 0.0224845 0.0897648
2 0.306896 0.336172 0.0427897 0.0591493
0 0.309618 0.73596 0.0473524 0.117196
3 0.685296 0.432434 0.0488135 0.0423501
0 0.555397 0.623555 0.049709 0.117812
0 0.277976 0.5046 0.0231159 0.0644454
3 0.53098 0.488973 0.0378688 0.0816432
3 0.555066 0.631874 0.0520656 0.101629
3 0.445116 0.392815 0.0356382 0.0476461
0 0.336941 0.570982 0.0335968 0.097166
0 0.414658 0.360984 0.0197252 0.040252
3 0.117513 0.43417 0.0266067 0.0620088
3 0.828033 0.433174 0.117752 0.0858671
3 0.794323 0.445936 0.0512173 0.0549601
3 0.361808 0.393827 0.019694 0.0414363
2 0.437605 0.760561 0.0473066 0.069062
