2 0.656624 0.409352 0.0837068 0.0479783
2 0.563848 0.432494 0.103976 0.0625665
2 0.785583 0.421927 0.0889769 0.0537904
3 0.730102 0.495582 0.04928 0.0527182
2 0.413051 0.37366 0.078387 0.0637797
0 0.249551 0.402362 0.0192238 0.0442816
0 0.54067 0.5961 0.0262937 0.0863243
2 0.729849 0.362839 0.0364515 0.0353183
0 0.410703 0.63918 0.0419454 0.0942266
3 0.734659 0.500367 0.0408327 0.043395
7 0.865789 0.461501 0.0618561 0.101942
0 0.568677 0.734091 0.0429457 0.111294
2 0.117495 0.292167 0.0279798 0.0244209
0 0.496514 0.579882 0.0316035 0.0727516
0 0.472977 0.621371 0.0307669 0.0854039
2 0.866011 0.461999 0.0605137 0.100046
7 0.412376 0.373232 0.0798153 0.0651736
0 0.65086 0.743576 0.0385338 0.0969056
2 0.628037 0.444674 0.0575989 0.0479346
