3 0.262248 0.608827 0.050261 0.0848924
5 0.44371 0.500509 0.11601 0.151389
3 0.68824 0.604144 0.0316679 0.0742586
0 0.704607 0.502986 0.0222099 0.0504433
7 0.443378 0.503191 0.11671 0.147859
3 0.122453 0.753056 0.0371873 0.0805609
0 0.704892 0.496351 0.0205196 0.0382676
0 0.567342 0.744396 0.0438282 0.0992865
9 0.765812 0.367304 0.0206781 0.0668748
0 0.352995 0.529676 0.0143422 0.0504969
3 0.866449 0.586762 0.0585083 0.0837071
3 0.573344 0.533912 0.0239265 0.0564547
3 0.566282 0.53969 0.0376891 0.0477313
3 0.594064 0.767136 0.095294 0.0589811
