2 0.833519 0.737731 0.124471 0.112259
2 0.16236 0.63355 0.116875 0.116015
2 0.255101 0.549165 0.125192 0.079691
2 0.383247 0.771431 0.148672 0.0487272
3 0.761975 0.612799 0.0712015 0.0699696
3 0.657967 0.601505 0.0661331 0.0673049
3 0.472818 0.545383 0.0529432 0.067561
3 0.571306 0.632162 0.0642493 0.0734749
2 0.48876 0.299418 0.0468764 0.0278877
2 0.223761 0.300337 0.0863756 0.0417134
3 0.374982 0.537075 0.0521868 0.053192
3 0.598819 0.560057 0.0529823 0.0674622
0 0.530462 0.583004 0.0380554 0.0601955
0 0.530406 0.588416 0.0539694 0.0715368
