2 0.318233 0.632849 0.116054 0.148896
0 0.806693 0.696624 0.035567 0.112502
2 0.433141 0.503599 0.0665554 0.0945526
0 0.640608 0.693033 0.0261648 0.0861306
5 0.615864 0.492492 0.141001 0.168107
2 0.401513 0.373468 0.0363779 0.0312237
0 0.380138 0.490381 0.0193804 0.0522812
2 0.25062 0.552199 0.0848687 0.0562485
0 0.637699 0.698257 0.0342488 0.0985654
3 0.379262 0.491147 0.0204979 0.0529816
3 0.640362 0.734899 0.0432658 0.0570459
3 0.628615 0.727183 0.068495 0.0763266
3 0.869378 0.736236 0.0525756 0.0932794
