5 0.654406 0.682182 0.128357 0.209628
2 0.473325 0.728129 0.0954364 0.131286
2 0.506194 0.555905 0.0498721 0.0818005
2 0.406759 0.602262 0.0675508 0.0944821
2 0.508084 0.464345 0.0376414 0.0637123
2 0.591865 0.55475 0.0559376 0.078511
5 0.565286 0.460119 0.0406089 0.0825748
2 0.360001 0.717572 0.0942093 0.154078
0 0.294701 0.559966 0.024363 0.0497526
0 0.458601 0.553199 0.0205372 0.0679208
2 0.466915 0.408051 0.0272007 0.0489834
3 0.147723 0.712455 0.06101 0.109446
58 0.845426 0.711017 0.0337223 0.0730466
