2 0.39606 0.72877 0.144666 0.132442
2 0.469544 0.622752 0.0988147 0.119475
7 0.259518 0.533449 0.17843 0.200031
0 0.297411 0.751947 0.0397118 0.0873826
2 0.515699 0.521012 0.0719055 0.0797591
0 0.642651 0.761391 0.038048 0.0672583
0 0.709608 0.761895 0.0349092 0.0666446
2 0.463523 0.415375 0.0413677 0.0495083
2 0.602997 0.531759 0.0572686 0.0798146
2 0.56759 0.660402 0.0782075 0.14935
2 0.541664 0.473782 0.041511 0.0348793
2 0.542835 0.459525 0.0435575 0.0564297
0 0.65577 0.598665 0.0289887 0.0698311
2 0.529142 0.363425 0.0285085 0.0285716
