2 0.526975 0.496255 0.0590973 0.101684
0 0.487396 0.548023 0.0223219 0.0694619
3 0.470092 0.634367 0.0321745 0.101154
2 0.513557 0.356938 0.0397684 0.0292067
2 0.286681 0.69038 0.135216 0.0850492
7 0.558114 0.374989 0.0488003 0.0772312
0 0.421933 0.760651 0.044116 0.0687538
3 0.579404 0.513836 0.0265304 0.0626856
3 0.455466 0.451869 0.0165715 0.0470707
0 0.656098 0.42035 0.0176962 0.0450833
3 0.424092 0.593656 0.0250195 0.0764941
2 0.846894 0.75202 0.0992012 0.0891276
3 0.481809 0.401804 0.0246282 0.0358377
3 0.572738 0.506661 0.0393022 0.0802276
0 0.592518 0.394234 0.0135772 0.0380001
