2 0.458781 0.584082 0.141152 0.125423
3 0.471892 0.662713 0.0646652 0.118394
0 0.240447 0.691276 0.0501331 0.0888474
3 0.810506 0.496501 0.0386452 0.0557388
3 0.236179 0.715568 0.102462 0.091108
2 0.785326 0.345234 0.0223919 0.0226989
3 0.243379 0.490391 0.0361805 0.0728613
3 0.32645 0.626526 0.0745032 0.0689301
3 0.148275 0.475201 0.0311255 0.0752237
3 0.175197 0.62863 0.0466571 0.0790012
3 0.118579 0.747759 0.0292391 0.0952947
2 0.807573 0.420724 0.0318253 0.0416822
3 0.693065 0.50355 0.0471567 0.0550778
2 0.862633 0.405591 0.0386541 0.0371431
2 0.660978 0.331191 0.0316331 0.0212478
3 0.397494 0.475441 0.0546777 0.051052
2 0.865497 0.396796 0.0326559 0.024889
3 0.783242 0.438381 0.0229065 0.0440565
3 0.20959 0.448437 0.0256997 0.0460436
0 0.467359 0.652227 0.0517265 0.0996206
0 0.687742 0.501258 0.0285473 0.058023
0 0.233872 0.687691 0.0362152 0.0783767
7 0.326082 0.304669 0.0936574 0.0550273
