2 0.790755 0.694602 0.147391 0.129048
2 0.79899 0.602332 0.101487 0.0778765
2 0.728294 0.518169 0.0663121 0.0587756
2 0.595893 0.564669 0.0575736 0.0831682
7 0.304428 0.632711 0.117668 0.198085
2 0.406898 0.422221 0.0275028 0.0338728
2 0.388166 0.477747 0.0392765 0.0542144
3 0.172703 0.613383 0.0342975 0.0749848
2 0.56804 0.481021 0.0421934 0.0483404
2 0.695057 0.779105 0.128602 0.0319907
2 0.437685 0.378578 0.0285711 0.0333689
7 0.410732 0.368377 0.0290336 0.0427562
0 0.309012 0.514397 0.0185932 0.0484041
