2 0.5534 0.571905 0.121877 0.122954
2 0.565686 0.473449 0.102434 0.103993
2 0.812904 0.757617 0.165 0.0747921
2 0.39563 0.514469 0.0977158 0.13313
2 0.611131 0.45095 0.082823 0.0720636
2 0.391417 0.404379 0.0604216 0.0631717
2 0.290784 0.358572 0.0407009 0.0508661
2 0.460236 0.398655 0.0623331 0.0585454
2 0.352606 0.36111 0.0455386 0.0551498
2 0.26196 0.322266 0.0352873 0.0408536
0 0.748234 0.663466 0.0540787 0.0911832
2 0.316365 0.303744 0.0434288 0.037104
7 0.516105 0.372185 0.0839103 0.0934031
2 0.236699 0.295584 0.0301296 0.0274296
2 0.629937 0.415334 0.0816735 0.0666246
2 0.397624 0.356267 0.0556449 0.0481339
2 0.466115 0.398531 0.0485113 0.0516081
2 0.408179 0.358048 0.035515 0.0443789
0 0.756076 0.652698 0.0380126 0.0723581
