0 0.474395 0.737957 0.0356516 0.102819
0 0.540932 0.743988 0.0395346 0.102341
3 0.451854 0.577636 0.0223041 0.0591636
3 0.510685 0.535822 0.0259264 0.0727682
7 0.449696 0.410895 0.0540691 0.0880161
7 0.627573 0.37754 0.0329742 0.0650969
2 0.518827 0.417227 0.0459991 0.0716182
2 0.569285 0.367702 0.0334364 0.0305743
9 0.733381 0.276659 0.0119363 0.0448607
3 0.45079 0.567963 0.0236309 0.0753031
3 0.423554 0.736484 0.0319466 0.0890817
7 0.560597 0.346038 0.0460351 0.0704459
0 0.486885 0.488308 0.0202991 0.0582801
2 0.485097 0.387524 0.0297445 0.0434007
0 0.40036 0.562624 0.0279033 0.0702962
7 0.518769 0.417662 0.0459231 0.0720127
3 0.627791 0.444183 0.0290388 0.0398189
0 0.398837 0.63966 0.0299282 0.0872347
5 0.697099 0.683428 0.194764 0.215731
3 0.702046 0.465028 0.0262292 0.0521619
0 0.678827 0.424685 0.014193 0.0463502
2 0.604282 0.412148 0.0168598 0.0352641
0 0.450619 0.502828 0.0204126 0.0518731
2 0.733624 0.349857 0.0286093 0.0336767
0 0.275938 0.376143 0.0315816 0.0541856
3 0.473994 0.760405 0.0347794 0.0688848
