2 0.347326 0.632955 0.105357 0.113677
0 0.568872 0.504719 0.0195076 0.0584613
7 0.506171 0.568314 0.0958876 0.181832
2 0.516674 0.432771 0.0393274 0.049345
0 0.306274 0.485814 0.0223958 0.0590038
2 0.427464 0.489138 0.0788218 0.106282
2 0.374243 0.351774 0.0367753 0.0292878
2 0.123064 0.672561 0.0391144 0.10197
2 0.53815 0.371348 0.0344167 0.0435966
7 0.428832 0.488505 0.0786934 0.104694
0 0.666041 0.42802 0.0112648 0.0383323
0 0.584568 0.408921 0.0152088 0.0560235
2 0.467778 0.419594 0.0423562 0.0625231
