2 0.663128 0.406245 0.0711247 0.0424671
2 0.441453 0.37111 0.027078 0.036286
0 0.366132 0.483473 0.0157082 0.0476352
2 0.465467 0.445121 0.0476598 0.100063
2 0.602898 0.358882 0.0321396 0.032909
0 0.404477 0.457457 0.0155518 0.0441362
0 0.391997 0.777922 0.0304519 0.0351674
2 0.631323 0.376476 0.040616 0.0304299
0 0.699901 0.735309 0.0332737 0.0971183
0 0.700209 0.717578 0.0315181 0.0610342
2 0.423496 0.609027 0.0724179 0.113562
7 0.467573 0.444532 0.0515933 0.0987936
2 0.683235 0.411265 0.0346805 0.034095
0 0.34245 0.709228 0.0300807 0.108043
