2 0.439709 0.600445 0.11873 0.152524
5 0.754707 0.595019 0.156839 0.330961
2 0.546817 0.727104 0.14204 0.13383
5 0.643548 0.530263 0.160587 0.284742
3 0.427608 0.727303 0.0528401 0.117732
2 0.749083 0.40572 0.0559376 0.0633285
3 0.309003 0.68331 0.0520009 0.0874112
3 0.235983 0.694392 0.0571989 0.0813765
2 0.652827 0.406228 0.0484749 0.044896
0 0.531634 0.551846 0.0227505 0.0655328
2 0.788398 0.355198 0.0311646 0.0403082
5 0.729308 0.367362 0.0400873 0.0572581
0 0.256543 0.659327 0.028872 0.0866127
