2 0.706092 0.588842 0.0945574 0.109045
2 0.42633 0.489039 0.0529943 0.0611377
0 0.748628 0.708559 0.030052 0.0935548
2 0.552657 0.42726 0.038529 0.0484001
0 0.468627 0.503194 0.018652 0.0611936
0 0.417819 0.738473 0.0348271 0.094064
3 0.494439 0.449725 0.0218567 0.0410044
3 0.300571 0.460537 0.0233569 0.0629601
3 0.260816 0.496542 0.0247936 0.0494206
0 0.486767 0.565852 0.0221553 0.060328
2 0.480005 0.333794 0.0182529 0.0220481
3 0.22075 0.617239 0.0408839 0.0572853
3 0.373566 0.437908 0.019727 0.0235132
3 0.374101 0.431154 0.0209806 0.0369824
0 0.490058 0.4071 0.0146468 0.0453951
3 0.529108 0.486555 0.0229296 0.0586586
