2 0.558742 0.423415 0.0315774 0.0405788
2 0.802924 0.730635 0.187216 0.129966
0 0.656771 0.589331 0.018072 0.063217
2 0.513532 0.611773 0.0668621 0.11287
58 0.698711 0.567859 0.0309228 0.0300587
0 0.457652 0.761885 0.0335039 0.0651248
0 0.486519 0.539824 0.0186666 0.0429591
0 0.421411 0.559643 0.0207987 0.062002
7 0.139803 0.690051 0.0716131 0.209637
0 0.44904 0.592404 0.0203419 0.0610877
0 0.370912 0.741666 0.0300197 0.0958983
0 0.516392 0.500893 0.0153271 0.0495928
0 0.362858 0.515238 0.0130925 0.0455459
0 0.448416 0.572442 0.0167811 0.0364718
0 0.433548 0.495214 0.0138489 0.0469868
0 0.367498 0.719654 0.0234949 0.0515238
7 0.492247 0.357659 0.0326281 0.0595884
0 0.492971 0.471818 0.0127486 0.0382778
2 0.546343 0.407446 0.021409 0.0184548
0 0.364251 0.517994 0.015993 0.0537729
