2 0.538118 0.376571 0.0670634 0.0529232
2 0.658003 0.412625 0.0623837 0.0582591
2 0.823698 0.403973 0.056435 0.0489994
7 0.410383 0.34034 0.0869373 0.0768767
0 0.50037 0.724549 0.0478586 0.0925152
0 0.545552 0.477411 0.0222613 0.0568167
0 0.734563 0.667137 0.0376339 0.0830891
3 0.49445 0.762812 0.0589062 0.0654296
2 0.478655 0.34856 0.023344 0.0274226
7 0.65672 0.314442 0.0601569 0.0795777
0 0.500826 0.715125 0.0419886 0.0723549
7 0.574211 0.324276 0.0647027 0.0692704
0 0.4967 0.734605 0.0549227 0.114891
7 0.762445 0.365274 0.0763658 0.0860499
0 0.585749 0.412234 0.0217886 0.0685334
0 0.664458 0.577569 0.0379603 0.0863867
0 0.57212 0.62092 0.041666 0.0750045
3 0.495496 0.742969 0.0597351 0.104629
3 0.133741 0.379289 0.0537095 0.045249
3 0.821009 0.489944 0.0323536 0.0689836
3 0.846639 0.571635 0.03892 0.081585
2 0.880577 0.350083 0.0302112 0.0382371
2 0.853519 0.373659 0.0505287 0.0456063
3 0.198514 0.384333 0.0460506 0.0450498
