2 0.355919 0.651944 0.0965817 0.12926
2 0.633525 0.378685 0.0301142 0.029669
2 0.436995 0.381761 0.0261865 0.0291431
2 0.470113 0.697422 0.088055 0.140466
2 0.535626 0.499164 0.0466576 0.0788625
2 0.495577 0.364369 0.0229775 0.027885
5 0.326793 0.458588 0.0677864 0.0937089
2 0.377447 0.400707 0.0306294 0.0308846
3 0.685642 0.560968 0.0326639 0.0598006
3 0.742349 0.520036 0.023411 0.0492462
2 0.449298 0.331192 0.0249695 0.028453
2 0.222867 0.770607 0.0428754 0.0499193
0 0.644976 0.449353 0.0167473 0.0583827
2 0.576592 0.402751 0.0282504 0.0350221
2 0.804097 0.403888 0.0466103 0.0238907
0 0.697814 0.509864 0.0203022 0.0453283
3 0.64758 0.506834 0.0193718 0.0422498
3 0.682984 0.553665 0.0255171 0.0480553
