2 0.231588 0.672957 0.10781 0.118287
3 0.733641 0.599039 0.0245335 0.0361937
2 0.61635 0.430157 0.0427197 0.0629968
2 0.546674 0.350911 0.021913 0.0242615
3 0.814969 0.540734 0.0262937 0.0454766
3 0.733309 0.590624 0.0250731 0.0473123
3 0.667747 0.525293 0.0189632 0.0509525
2 0.639208 0.379149 0.0343771 0.0325277
3 0.868527 0.65303 0.0391838 0.0628743
2 0.546066 0.34442 0.0235975 0.0386211
2 0.611162 0.377774 0.0248263 0.0284107
2 0.761301 0.367645 0.0406576 0.028848
3 0.753383 0.522683 0.0346094 0.0371254
0 0.667557 0.526218 0.0189229 0.0532438
3 0.720854 0.525889 0.0243727 0.0429949
