2 0.557017 0.375594 0.054257 0.0431235
2 0.850516 0.370156 0.0547851 0.0505583
3 0.806909 0.478267 0.0256532 0.0552871
3 0.702811 0.40729 0.0212885 0.0446508
2 0.685297 0.321811 0.0319085 0.0331193
2 0.593081 0.341487 0.0345398 0.0388647
3 0.264175 0.449066 0.0362192 0.0601393
3 0.429312 0.381876 0.0251394 0.0404932
3 0.539446 0.481605 0.0281768 0.0623588
3 0.698215 0.404121 0.0305614 0.0495578
3 0.174508 0.389023 0.0425958 0.0387407
3 0.2967 0.409098 0.0324368 0.0510274
2 0.543774 0.343525 0.0465652 0.0359916
3 0.842688 0.424944 0.0237415 0.0438792
5 0.639309 0.329409 0.0683039 0.0725388
3 0.462579 0.389841 0.0212954 0.0318178
3 0.840099 0.646234 0.0460909 0.0809323
3 0.26159 0.365918 0.0333897 0.0341156
3 0.386336 0.406282 0.0280877 0.0409731
3 0.690889 0.395889 0.0234475 0.0501483
3 0.115668 0.518701 0.0261855 0.0685541
3 0.346681 0.412272 0.0335911 0.0519348
2 0.73211 0.295116 0.0236898 0.0277693
3 0.341513 0.414927 0.0364027 0.0525691
3 0.538599 0.49166 0.0274113 0.0489269
