2 0.342973 0.717095 0.16369 0.149755
2 0.502502 0.463971 0.0631339 0.0773117
2 0.435324 0.410687 0.0551351 0.0619449
2 0.474885 0.365431 0.0387165 0.0467081
2 0.531297 0.322418 0.0268941 0.029634
3 0.476293 0.532408 0.0345011 0.0707402
2 0.171656 0.395776 0.0820534 0.0424955
0 0.627357 0.517986 0.0249428 0.0674046
3 0.476322 0.543586 0.0348028 0.0483757
0 0.650773 0.574731 0.0291487 0.0763746
3 0.314842 0.483446 0.0374897 0.0576497
3 0.603116 0.421757 0.020661 0.0482994
0 0.576642 0.496589 0.0316471 0.0737027
0 0.454929 0.462486 0.0218044 0.0556193
3 0.585074 0.551771 0.035204 0.0841339
3 0.580302 0.535421 0.0356487 0.0697144
0 0.568904 0.390605 0.0145407 0.0431307
0 0.573616 0.493519 0.0250191 0.0632509
3 0.591057 0.572463 0.0361267 0.045792
3 0.587874 0.560355 0.0363644 0.0698076
3 0.657595 0.598021 0.0358561 0.0637251
3 0.610695 0.416478 0.0325472 0.0547507
