2 0.520278 0.437836 0.104269 0.0774227
2 0.72971 0.363583 0.0774838 0.0630451
2 0.156535 0.396628 0.0819693 0.0584327
2 0.785744 0.315565 0.0651985 0.0516585
0 0.212245 0.437233 0.0163667 0.0461087
3 0.3475 0.469095 0.0480705 0.0566172
2 0.87117 0.300255 0.0468285 0.0473256
3 0.694367 0.431192 0.0250915 0.0665477
3 0.271794 0.473534 0.0486081 0.0590036
2 0.116862 0.42212 0.0259767 0.0478325
0 0.239705 0.422039 0.0168208 0.0482446
0 0.86517 0.654274 0.0410179 0.0815673
0 0.290218 0.423084 0.0186112 0.0500385
3 0.455257 0.407174 0.0370171 0.047319
0 0.868853 0.683259 0.0494468 0.135537
0 0.26356 0.415124 0.016693 0.0391009
3 0.750373 0.446311 0.025347 0.0704745
0 0.263972 0.422685 0.0184257 0.0543224
0 0.751341 0.441079 0.0262646 0.0709004
0 0.808102 0.352981 0.0167444 0.0531029
3 0.592328 0.371359 0.0220756 0.0449745
