2 0.401616 0.417176 0.0771343 0.0597302
3 0.545193 0.474293 0.0254851 0.0594791
3 0.510395 0.415992 0.0321687 0.054424
3 0.268917 0.478447 0.034234 0.0502507
7 0.576688 0.361034 0.0428238 0.0564462
3 0.199917 0.511189 0.0559308 0.0678036
2 0.356392 0.450095 0.0749494 0.0701315
7 0.35643 0.450535 0.0743712 0.0713853
3 0.824778 0.564381 0.0508356 0.0653368
3 0.203433 0.445024 0.0368631 0.0424636
0 0.634078 0.373781 0.0154834 0.0333486
2 0.851675 0.718528 0.0862732 0.153805
3 0.195089 0.515315 0.0441047 0.060785
3 0.842888 0.561462 0.0886651 0.0762948
3 0.27526 0.424187 0.0324911 0.0474813
3 0.126129 0.449552 0.0448675 0.049655
2 0.851049 0.749878 0.0867634 0.091672
0 0.63592 0.385698 0.0183941 0.0557181
2 0.607222 0.348464 0.0328324 0.0325488
