3 0.158152 0.499158 0.0569189 0.0679507
2 0.29571 0.373539 0.0796223 0.0460951
3 0.295485 0.455761 0.0415289 0.0537358
3 0.350541 0.442965 0.0399059 0.0524902
2 0.861885 0.363662 0.0676842 0.0768157
0 0.494722 0.761404 0.0441635 0.0680835
3 0.168064 0.366088 0.04356 0.047702
3 0.449754 0.482778 0.0334468 0.0591891
3 0.533563 0.433572 0.0243342 0.0470474
0 0.807572 0.488665 0.0266365 0.0632544
3 0.467759 0.379768 0.0233967 0.0387624
3 0.413384 0.405711 0.029646 0.0427372
3 0.351978 0.577429 0.0792108 0.0834704
3 0.807222 0.493664 0.0279568 0.061842
3 0.436458 0.676127 0.0433573 0.0626052
0 0.778109 0.479409 0.022036 0.0565738
3 0.512727 0.369557 0.024449 0.0334275
0 0.59017 0.46345 0.023581 0.0556882
3 0.384485 0.37179 0.0310135 0.0325511
0 0.32831 0.553058 0.0164671 0.0413678
3 0.33938 0.578718 0.054188 0.0787813
