3 0.193084 0.758105 0.0934982 0.0764667
3 0.88231 0.424554 0.0197025 0.0485253
0 0.193766 0.732153 0.0577539 0.077915
3 0.365749 0.444748 0.0203552 0.0511996
3 0.179501 0.529941 0.0426312 0.0647603
0 0.673556 0.446699 0.0196882 0.051352
0 0.18936 0.743185 0.0669531 0.101303
3 0.674079 0.448455 0.0217311 0.0566857
3 0.248335 0.593619 0.0371473 0.0564688
2 0.767349 0.310191 0.0186298 0.026825
0 0.197423 0.419259 0.0149792 0.0373393
2 0.80332 0.778828 0.133244 0.0332512
2 0.472791 0.369892 0.0451105 0.0406177
3 0.25113 0.578306 0.0420051 0.077291
7 0.474789 0.748457 0.256697 0.0862622
7 0.473154 0.3695 0.0451626 0.039224
0 0.833975 0.393972 0.0182394 0.0414628
