2 0.782332 0.6114 0.191465 0.227169
2 0.143014 0.590446 0.0788611 0.116395
2 0.559666 0.410257 0.089274 0.0733919
3 0.224045 0.538486 0.0629701 0.0650289
0 0.317432 0.396227 0.0149724 0.0429072
5 0.838843 0.276762 0.109464 0.0916517
0 0.764259 0.399197 0.0219238 0.0633142
3 0.466339 0.405658 0.0361998 0.0426321
2 0.158675 0.409249 0.0602437 0.0419135
3 0.381972 0.451094 0.0634227 0.0636266
3 0.717108 0.396761 0.0233917 0.0619179
0 0.205325 0.449874 0.0191613 0.0526775
3 0.213682 0.401697 0.0467 0.0489559
