2 0.1505 0.524212 0.0928867 0.102213
2 0.489629 0.376149 0.0280389 0.0312807
2 0.519627 0.404261 0.0342464 0.0384086
0 0.531065 0.46973 0.0169573 0.0699277
3 0.567226 0.503689 0.0212797 0.0598002
0 0.577754 0.391103 0.00943688 0.0298785
3 0.531733 0.477517 0.017096 0.0552347
2 0.521139 0.394311 0.0384113 0.0601944
0 0.368844 0.741239 0.0483039 0.105522
58 0.762907 0.568949 0.023246 0.0444009
0 0.565806 0.501681 0.0181931 0.0554877
3 0.583043 0.459126 0.0175238 0.0457569
2 0.526407 0.378179 0.0334783 0.0374122
0 0.553872 0.419006 0.016062 0.0504835
0 0.711015 0.494613 0.0242082 0.0711581
