2 0.774733 0.630118 0.17051 0.164454
2 0.710609 0.510922 0.133764 0.091433
2 0.646197 0.646912 0.190691 0.22112
2 0.503238 0.535201 0.0952288 0.119086
2 0.841981 0.604598 0.108579 0.139349
2 0.828317 0.506847 0.134372 0.100087
2 0.677093 0.440042 0.0916506 0.0757247
2 0.332801 0.384753 0.0531201 0.0597396
2 0.24674 0.293873 0.0495283 0.0516384
2 0.408715 0.409309 0.0685021 0.0721214
5 0.585474 0.478399 0.128692 0.167599
5 0.468486 0.342778 0.0666061 0.0777305
2 0.576881 0.323654 0.0395657 0.0282621
0 0.431795 0.45731 0.0221808 0.0641748
3 0.389493 0.461489 0.0238631 0.0467135
5 0.531162 0.367853 0.0686264 0.0784996
0 0.616584 0.740824 0.0500734 0.109101
2 0.32667 0.379481 0.0543924 0.0504494
7 0.585145 0.477696 0.128938 0.169299
0 0.446999 0.601903 0.0291452 0.0746841
2 0.369687 0.363195 0.05115 0.0545817
0 0.407535 0.624742 0.0409009 0.0866557
2 0.308807 0.314048 0.0537443 0.039307
