2 0.660714 0.522352 0.134456 0.133925
2 0.771591 0.394628 0.0736277 0.0786957
2 0.175895 0.34159 0.0617703 0.0822397
2 0.81411 0.323456 0.0568187 0.0544581
2 0.494936 0.745542 0.1867 0.0979879
2 0.739437 0.253166 0.0524572 0.0441425
3 0.594795 0.445232 0.033106 0.0765911
3 0.49558 0.436438 0.0487097 0.0781728
3 0.207013 0.499203 0.0545722 0.0868574
2 0.778145 0.266496 0.0487066 0.0485413
0 0.647616 0.382957 0.0164873 0.059724
3 0.456614 0.571367 0.0505141 0.0838737
2 0.844126 0.261942 0.03687 0.0344644
0 0.269929 0.451516 0.0310585 0.0780754
0 0.200581 0.453739 0.0451045 0.0880875
0 0.819017 0.568804 0.0420262 0.0890166
0 0.267423 0.369062 0.0232782 0.0529284
3 0.492816 0.442243 0.0408795 0.0640552
0 0.269498 0.375913 0.0277166 0.0643201
0 0.818129 0.423227 0.0268143 0.0603723
0 0.291108 0.326215 0.0150621 0.0474378
