5 0.502576 0.538585 0.119224 0.217824
0 0.298468 0.585483 0.0411954 0.0965263
2 0.575011 0.372083 0.0372976 0.046893
3 0.334603 0.627109 0.0478507 0.099444
2 0.52623 0.36346 0.0315103 0.04443
2 0.500235 0.411005 0.0504208 0.0528833
3 0.403862 0.521064 0.0329258 0.0824734
7 0.838548 0.594462 0.115027 0.198
3 0.407793 0.536233 0.0247478 0.051414
3 0.720923 0.361555 0.0253405 0.0358697
0 0.258251 0.524633 0.0365148 0.0725947
5 0.838912 0.595892 0.114159 0.194783
3 0.2434 0.593645 0.0341947 0.0856279
0 0.313559 0.510205 0.0269812 0.0726
7 0.503372 0.536786 0.11896 0.217738
0 0.325309 0.445047 0.0205281 0.055131
0 0.32506 0.518413 0.0461387 0.0884652
3 0.452885 0.477456 0.0241775 0.0575283
3 0.557703 0.764955 0.0861724 0.0629374
3 0.790036 0.434897 0.0264008 0.0428263
0 0.851248 0.475023 0.0234753 0.0593128
3 0.779998 0.432837 0.0463828 0.0491574
