2 0.178191 0.457459 0.107413 0.0887473
2 0.788275 0.555742 0.14795 0.126388
2 0.675941 0.430659 0.0623849 0.0651456
2 0.349816 0.577716 0.0983855 0.142389
2 0.140922 0.42767 0.0749095 0.0649215
2 0.372254 0.474685 0.0615758 0.0786793
5 0.48776 0.584315 0.11695 0.338966
2 0.26971 0.378945 0.0758892 0.0828377
2 0.320232 0.352081 0.0347127 0.038158
0 0.372855 0.703669 0.0439992 0.118647
2 0.395501 0.420002 0.0501011 0.079576
0 0.303228 0.707699 0.0435797 0.124299
2 0.477436 0.392731 0.0440389 0.042333
3 0.377758 0.761746 0.0494868 0.0692288
0 0.30212 0.674759 0.039744 0.0581127
2 0.444627 0.312057 0.0223317 0.0254189
2 0.468013 0.360618 0.0304423 0.0337838
2 0.474387 0.433728 0.0494787 0.0484188
0 0.373104 0.688037 0.0395965 0.0852877
2 0.35809 0.315649 0.0297806 0.0354235
2 0.467641 0.349372 0.0286279 0.0356729
