2 0.472478 0.55197 0.119342 0.138937
2 0.436062 0.394515 0.0633753 0.0598737
0 0.394287 0.762279 0.0461418 0.0688562
0 0.423763 0.616828 0.0388047 0.110234
0 0.617593 0.685116 0.052541 0.143839
0 0.320207 0.54107 0.0235225 0.0602987
0 0.337204 0.655877 0.0360993 0.129312
0 0.671515 0.42312 0.0211371 0.0482848
0 0.753722 0.399074 0.017761 0.0454112
0 0.320766 0.53257 0.0275745 0.07404
0 0.270185 0.55203 0.0292612 0.0963734
0 0.268841 0.475147 0.0203066 0.063299
0 0.37109 0.3465 0.0137841 0.0590903
2 0.847612 0.407039 0.0884437 0.0672058
0 0.343332 0.675067 0.0244349 0.092567
0 0.336268 0.63791 0.0346555 0.0940335
0 0.353307 0.436252 0.027839 0.0722585
0 0.750081 0.401043 0.0184486 0.0414222
0 0.746878 0.769627 0.0585262 0.0547228
0 0.322728 0.462009 0.0222191 0.0739643
0 0.161012 0.473091 0.0377058 0.0658223
