5 0.215245 0.611391 0.223859 0.35365
2 0.450506 0.522134 0.13219 0.115668
2 0.440656 0.423209 0.109848 0.0784868
3 0.268429 0.736332 0.12659 0.117655
0 0.502393 0.599614 0.0302223 0.0867855
0 0.840427 0.723024 0.0631772 0.101396
3 0.826958 0.752867 0.102565 0.086746
0 0.417269 0.644443 0.0474811 0.105278
0 0.709388 0.567699 0.0427252 0.0869488
0 0.590776 0.540331 0.0426207 0.0871752
0 0.299758 0.652609 0.0502499 0.103952
3 0.866668 0.522795 0.0586591 0.0968641
0 0.710709 0.55408 0.036833 0.0605773
3 0.577657 0.665668 0.0470722 0.0761769
3 0.707833 0.603703 0.0476851 0.0790019
