2 0.409911 0.725154 0.215703 0.131782
2 0.631757 0.364381 0.0387843 0.0375255
2 0.583398 0.577208 0.0898552 0.118362
0 0.713409 0.728258 0.0390934 0.108212
3 0.642635 0.755057 0.0459148 0.0802006
3 0.556586 0.440408 0.0234275 0.0512854
0 0.63509 0.670388 0.0399512 0.0979479
0 0.594104 0.696518 0.0385879 0.105326
3 0.741915 0.450486 0.0173214 0.0490607
0 0.236192 0.45543 0.0298029 0.0667505
3 0.51305 0.378398 0.0200929 0.0411618
0 0.691507 0.565134 0.0291905 0.0568243
2 0.780208 0.413389 0.025847 0.038317
2 0.718866 0.332909 0.0294872 0.0270153
0 0.685278 0.655638 0.0311092 0.0834683
2 0.201887 0.337501 0.0691838 0.048898
0 0.652509 0.590681 0.0242661 0.0636346
0 0.690611 0.578232 0.0296657 0.0794552
3 0.72189 0.422046 0.0176739 0.0377249
2 0.22443 0.404947 0.0704332 0.0329069
0 0.684991 0.418165 0.0150167 0.0469558
0 0.566192 0.377321 0.0187005 0.0452635
