2 0.747286 0.293377 0.0519035 0.0585634
2 0.201529 0.289211 0.0431293 0.0495115
2 0.828679 0.278277 0.0430128 0.0428042
2 0.884424 0.278492 0.0252495 0.0316884
0 0.242385 0.438184 0.0242081 0.0645248
0 0.241371 0.432267 0.0297984 0.0778272
3 0.134118 0.376903 0.028912 0.049166
7 0.201689 0.289162 0.0429287 0.0519578
0 0.270575 0.363092 0.0246863 0.0477112
0 0.495376 0.356478 0.0191154 0.0476425
2 0.783664 0.36473 0.0254501 0.0512485
3 0.247476 0.441223 0.0335326 0.0573191
0 0.881033 0.362751 0.0204094 0.0466345
