2 0.840311 0.571121 0.111161 0.118412
2 0.74902 0.596129 0.15711 0.126662
2 0.605991 0.488311 0.0977354 0.0853401
2 0.668512 0.460009 0.0943514 0.0721183
2 0.35764 0.311092 0.0299385 0.0291085
2 0.263854 0.689709 0.115537 0.210206
0 0.460049 0.337702 0.0123525 0.0289813
0 0.379613 0.39816 0.0151232 0.0469197
0 0.341837 0.498346 0.0211737 0.06611
0 0.342782 0.508132 0.0188125 0.0483958
2 0.268163 0.551451 0.089111 0.122263
0 0.380119 0.405362 0.0143949 0.0327576
3 0.463036 0.449241 0.0316113 0.0564118
