2 0.621243 0.513885 0.0700832 0.0901974
2 0.57346 0.447836 0.0571551 0.0687345
2 0.317329 0.764841 0.214593 0.0626682
3 0.457226 0.447295 0.0187372 0.0509224
3 0.290061 0.516235 0.0443283 0.0806739
0 0.585533 0.588695 0.0372932 0.0948765
3 0.413804 0.449908 0.0217173 0.0469896
2 0.60873 0.399249 0.0311775 0.0351865
0 0.681083 0.533155 0.0213581 0.0659996
3 0.584847 0.624122 0.0384627 0.060984
0 0.511261 0.387703 0.0129586 0.0349396
0 0.50854 0.392603 0.0127297 0.0329144
0 0.266813 0.427509 0.0199895 0.0448697
3 0.834453 0.765006 0.0540115 0.0642115
0 0.702329 0.546041 0.0247556 0.0942306
3 0.585277 0.605383 0.0387066 0.09629
3 0.292653 0.504255 0.0509217 0.100674
