3 0.362463 0.649998 0.0783513 0.110233
3 0.638272 0.715224 0.0909565 0.0973581
0 0.53737 0.640534 0.0569959 0.0991672
2 0.556173 0.366353 0.0435009 0.0498899
3 0.552356 0.748277 0.0810752 0.094832
3 0.194178 0.533723 0.0509715 0.0835044
3 0.374576 0.463926 0.0545754 0.064299
3 0.421875 0.581305 0.0527863 0.0651129
3 0.230565 0.437969 0.051508 0.0661796
0 0.552528 0.748326 0.0801996 0.0996417
3 0.752299 0.689397 0.0937412 0.103633
2 0.563701 0.364286 0.0581251 0.0502961
0 0.37655 0.604707 0.0477679 0.100065
3 0.538904 0.646291 0.0686183 0.0963243
3 0.322982 0.544249 0.0587221 0.0731496
3 0.268506 0.554452 0.0569501 0.0673448
