2 0.484781 0.494769 0.0451278 0.0742489
2 0.529144 0.417989 0.0358877 0.0479669
0 0.283473 0.758586 0.033702 0.0739933
3 0.593586 0.507113 0.0254561 0.0532241
3 0.659203 0.583944 0.0237156 0.071509
2 0.622031 0.666111 0.0833272 0.146075
2 0.635295 0.396771 0.0451522 0.0337703
0 0.509964 0.644506 0.0289038 0.0702931
0 0.551848 0.766853 0.0351199 0.0578108
2 0.536784 0.479275 0.0190241 0.0480259
3 0.402758 0.579604 0.0219841 0.0485494
3 0.329543 0.611371 0.0277092 0.0761178
2 0.602827 0.364044 0.0291763 0.0340104
