2 0.12432 0.39525 0.0383605 0.0423957
2 0.587075 0.395479 0.0356687 0.0394608
3 0.473161 0.446591 0.0263738 0.051509
2 0.69105 0.362006 0.0306074 0.0319733
3 0.286721 0.665919 0.0562878 0.0975494
3 0.427624 0.528607 0.0252731 0.0594757
3 0.572241 0.564007 0.0253945 0.0583067
2 0.641151 0.350902 0.0430035 0.0342298
2 0.485018 0.743126 0.063888 0.10366
2 0.495257 0.395283 0.0343612 0.0405327
2 0.728814 0.339394 0.031246 0.0272803
0 0.39564 0.469877 0.0165903 0.0467285
2 0.631786 0.35723 0.0259121 0.0289494
0 0.653942 0.616344 0.0347136 0.0733034
0 0.75578 0.581068 0.0157761 0.0505265
2 0.645139 0.348116 0.0385607 0.0277949
3 0.528422 0.440415 0.0168823 0.0426275
