2 0.863423 0.746767 0.067913 0.097259
2 0.504647 0.43522 0.032317 0.0366185
0 0.248038 0.759582 0.0333377 0.0742425
0 0.317198 0.764701 0.0399135 0.0618416
2 0.591789 0.469758 0.0524156 0.0529147
2 0.534357 0.454249 0.0220238 0.0374843
2 0.452191 0.437331 0.0322819 0.038014
2 0.577651 0.436488 0.045129 0.034283
2 0.170935 0.522578 0.101341 0.0830044
0 0.317254 0.458205 0.0166622 0.0393149
0 0.23324 0.776717 0.0309909 0.0413761
3 0.709763 0.59334 0.0349098 0.0433409
3 0.741905 0.54349 0.0309927 0.0416037
