2 0.741968 0.683588 0.157844 0.131307
2 0.780948 0.588146 0.124938 0.111926
2 0.443207 0.513931 0.0576878 0.0632136
2 0.396767 0.439757 0.0481019 0.0683487
0 0.429425 0.706044 0.0287444 0.0938359
0 0.24159 0.753364 0.049928 0.0860001
2 0.873486 0.653894 0.0472256 0.113516
2 0.351417 0.377344 0.026704 0.0295394
0 0.430467 0.618509 0.0329504 0.0845448
0 0.445982 0.769513 0.0331739 0.0532632
0 0.482067 0.639131 0.0290865 0.0528102
3 0.309024 0.61783 0.0266117 0.0744707
2 0.550834 0.383721 0.0430244 0.0298874
0 0.482257 0.66227 0.0310736 0.0980812
3 0.263772 0.593908 0.0267267 0.0682229
2 0.37012 0.408787 0.0243776 0.0337962
0 0.784096 0.755725 0.0504127 0.0836327
0 0.429875 0.635204 0.0331704 0.100604
