2 0.463755 0.453139 0.0642755 0.0611218
2 0.336001 0.434605 0.0596973 0.0505127
0 0.350145 0.769572 0.0409477 0.0564624
2 0.790419 0.368017 0.063677 0.0340923
2 0.398198 0.444845 0.0704431 0.0541052
2 0.287447 0.43246 0.0375065 0.0431675
5 0.862229 0.472526 0.0684792 0.141684
3 0.215763 0.558612 0.0296136 0.0679605
2 0.420274 0.366291 0.0418284 0.0261559
0 0.178718 0.748896 0.0460548 0.0949493
3 0.164488 0.554473 0.0290953 0.067206
3 0.380479 0.496853 0.04389 0.0532523
2 0.635136 0.359958 0.0517596 0.0396142
2 0.489062 0.387879 0.0599368 0.0380352
7 0.861979 0.472386 0.0690433 0.142762
5 0.24 0.442618 0.0649732 0.10634
2 0.572415 0.352168 0.0592984 0.0376326
2 0.260983 0.364228 0.0255221 0.0283525
2 0.241182 0.442279 0.0644759 0.104981
3 0.474993 0.542577 0.0567329 0.0671815
3 0.678633 0.743006 0.0412922 0.0995888
0 0.678508 0.716609 0.0419949 0.11195
3 0.542672 0.491296 0.0312227 0.0714463
0 0.173275 0.741218 0.0365786 0.0897367
2 0.402115 0.422714 0.0793116 0.0954248
3 0.179372 0.750497 0.0458655 0.0898086
2 0.331065 0.378734 0.0442451 0.0430637
2 0.297824 0.400376 0.0259651 0.0401117
0 0.545083 0.492881 0.0223793 0.0613083
