2 0.375931 0.389547 0.057212 0.0629888
2 0.871553 0.645363 0.0492413 0.119395
3 0.689921 0.61117 0.0585274 0.106275
3 0.602362 0.695778 0.0488844 0.110235
3 0.513652 0.530456 0.0335578 0.093254
3 0.642423 0.549565 0.0424385 0.0828602
3 0.725096 0.536525 0.0416793 0.0613784
0 0.457121 0.582579 0.0366703 0.0974857
3 0.456344 0.605999 0.0323833 0.0518403
3 0.551091 0.49199 0.0264019 0.0484372
3 0.365683 0.516444 0.0235525 0.0638283
2 0.319669 0.329764 0.0308751 0.0390852
3 0.607364 0.498357 0.0313279 0.0581822
3 0.464397 0.412966 0.0262516 0.0525818
3 0.456057 0.593798 0.0347005 0.0767778
0 0.51442 0.530584 0.031761 0.0905214
2 0.337525 0.313002 0.0348188 0.028474
0 0.45697 0.568382 0.0364845 0.0676439
3 0.554317 0.464534 0.0331615 0.0995611
1 0.199608 0.478488 0.0340062 0.0498179
0 0.605388 0.672601 0.0445318 0.0854682
0 0.316009 0.387188 0.0241902 0.0797931
0 0.610691 0.659693 0.0332366 0.0631731
