2 0.517627 0.369292 0.0429917 0.0370024
3 0.533884 0.548502 0.0278688 0.0812817
9 0.73119 0.278114 0.017581 0.0517298
3 0.617043 0.711961 0.0350323 0.0894027
3 0.161106 0.529016 0.0626318 0.0551623
3 0.276768 0.428044 0.0390258 0.0421484
0 0.619093 0.668036 0.0414448 0.0745872
3 0.345673 0.415916 0.0260449 0.0339811
2 0.464672 0.316938 0.0200078 0.0283364
7 0.838391 0.685933 0.113807 0.217654
3 0.279463 0.417828 0.0359152 0.0538216
3 0.189404 0.441897 0.0532489 0.054543
3 0.161195 0.516982 0.0629868 0.075593
0 0.557934 0.379952 0.0156382 0.0343181
3 0.770531 0.737011 0.0634366 0.105661
