2 0.227968 0.464802 0.0742486 0.0600841
7 0.417906 0.511814 0.0791199 0.128775
0 0.703332 0.587917 0.0227198 0.0782357
0 0.41107 0.689748 0.033733 0.0826614
2 0.376734 0.3469 0.0336791 0.0256069
3 0.52368 0.441708 0.0219364 0.0484037
3 0.39928 0.741644 0.0525134 0.0487788
0 0.588135 0.637309 0.030475 0.0759384
3 0.452091 0.655737 0.0402423 0.0453784
3 0.458452 0.644493 0.0419858 0.064782
0 0.708588 0.588045 0.0330643 0.0809719
3 0.536103 0.564086 0.0331652 0.0502166
3 0.497408 0.398362 0.0245426 0.0339692
3 0.574788 0.676699 0.0384754 0.0411806
2 0.53904 0.377537 0.0231281 0.0314784
7 0.306132 0.363136 0.0889162 0.0749555
3 0.484523 0.557869 0.0298956 0.0709861
