2 0.32974 0.685078 0.182082 0.218247
2 0.523212 0.734969 0.23542 0.114014
2 0.582678 0.388927 0.0356858 0.0429944
2 0.497368 0.405772 0.0459438 0.0513704
2 0.670707 0.356217 0.0275233 0.0276427
3 0.120201 0.680563 0.0323994 0.120558
3 0.203277 0.574145 0.0481297 0.0871549
3 0.308622 0.537286 0.0374893 0.0794745
3 0.371698 0.450681 0.0323603 0.0663544
2 0.7308 0.415061 0.0453796 0.0526694
3 0.373408 0.463438 0.0288118 0.0449833
2 0.559453 0.331921 0.0237587 0.0283282
0 0.72444 0.680474 0.0455658 0.0974449
0 0.202607 0.555519 0.0344905 0.0631187
0 0.6549 0.562686 0.0261144 0.0581287
3 0.841018 0.45202 0.040119 0.0596425
3 0.517238 0.649643 0.0673813 0.0760322
7 0.703548 0.343335 0.0378004 0.0507352
3 0.748719 0.759045 0.0588041 0.074016
3 0.440812 0.451928 0.0226385 0.0546348
