2 0.398657 0.379273 0.0495688 0.0391166
7 0.614867 0.488482 0.140456 0.160275
0 0.547113 0.597385 0.0289766 0.0756729
3 0.516453 0.526082 0.0258091 0.0567922
5 0.615776 0.488514 0.141224 0.158352
25 0.252 0.551077 0.086491 0.05481
3 0.512288 0.53049 0.0331356 0.0480895
0 0.465177 0.468492 0.0218047 0.0566252
3 0.431288 0.434191 0.0192049 0.0408369
0 0.244344 0.617621 0.0257382 0.0695797
3 0.542266 0.615191 0.0397196 0.0587369
3 0.545374 0.603817 0.0343546 0.0805307
0 0.888636 0.592875 0.018269 0.082013
3 0.464452 0.477382 0.0223703 0.0448474
3 0.869427 0.737419 0.0511353 0.0872416
0 0.517597 0.521384 0.0239389 0.0610144
3 0.537284 0.620391 0.0491957 0.0507104
