2 0.428118 0.521811 0.0997011 0.117873
7 0.520547 0.631498 0.107497 0.176028
0 0.567747 0.739318 0.0436399 0.114063
3 0.316375 0.503868 0.0322349 0.0666244
0 0.636487 0.751677 0.037513 0.0898284
7 0.2873 0.328938 0.0985654 0.0625346
0 0.599534 0.684879 0.0400099 0.102753
0 0.647529 0.685334 0.037725 0.100232
0 0.52164 0.506078 0.0309805 0.0879487
0 0.375621 0.731204 0.0539035 0.10811
0 0.464581 0.610674 0.0309296 0.0921694
3 0.42908 0.676809 0.0421435 0.0770237
0 0.600021 0.598141 0.0319025 0.0796425
0 0.678174 0.634515 0.0264846 0.078523
0 0.374419 0.715864 0.0451261 0.0752381
0 0.71645 0.648946 0.0316337 0.105245
2 0.715854 0.334415 0.0436575 0.0404043
3 0.695823 0.762364 0.0498968 0.0694093
0 0.316504 0.490915 0.0308881 0.0762882
3 0.694901 0.773015 0.0478998 0.0481526
