7 0.569743 0.513774 0.106384 0.159875
2 0.684915 0.451588 0.0443347 0.0524402
2 0.442475 0.751009 0.1598 0.0882243
2 0.611886 0.433244 0.0527292 0.0619466
2 0.69902 0.387275 0.0333459 0.0416944
11 0.213744 0.437 0.0236337 0.0293521
2 0.600236 0.379569 0.0367692 0.0376798
2 0.837335 0.739318 0.107188 0.111274
0 0.562049 0.669238 0.0306982 0.0804599
3 0.723929 0.541184 0.0234434 0.0661952
0 0.628658 0.591906 0.0297918 0.0850983
0 0.661107 0.527571 0.0265156 0.0597508
2 0.462551 0.503667 0.0630363 0.086736
5 0.481101 0.474483 0.0994839 0.143837
0 0.306761 0.592518 0.0354079 0.072984
7 0.481055 0.475108 0.0996706 0.144968
0 0.384353 0.516182 0.0271253 0.0597996
7 0.651244 0.703085 0.0938664 0.180948
0 0.710562 0.487859 0.0202829 0.0552491
3 0.205085 0.690222 0.0588839 0.0915696
3 0.674486 0.574911 0.0298765 0.0550663
2 0.651689 0.703288 0.094364 0.180855
2 0.638278 0.396666 0.0266674 0.0342436
3 0.200421 0.69233 0.048009 0.074103
0 0.561795 0.685944 0.0325642 0.110246
