2 0.781566 0.440013 0.0678767 0.0497348
2 0.477431 0.407484 0.0348507 0.0417228
2 0.420014 0.403399 0.035263 0.0411459
7 0.567889 0.509844 0.0969604 0.14578
2 0.430421 0.348058 0.0285828 0.0289236
2 0.40117 0.366442 0.0240355 0.0228685
2 0.437319 0.458647 0.0428164 0.0563354
0 0.356585 0.729786 0.0338241 0.110778
2 0.566669 0.34067 0.0237318 0.0178728
2 0.540956 0.439545 0.0511861 0.045865
2 0.364831 0.348148 0.0203499 0.0200334
7 0.180152 0.342457 0.113873 0.102781
7 0.484812 0.377337 0.0372066 0.0509637
0 0.348592 0.723818 0.0192519 0.0955799
0 0.360818 0.723911 0.0249765 0.0992685
2 0.883839 0.445935 0.0264743 0.0488785
0 0.321681 0.431928 0.0149763 0.035903
2 0.486714 0.378385 0.0337635 0.0497453
