2 0.22188 0.475666 0.126462 0.0955539
0 0.628287 0.763762 0.0431217 0.0649357
5 0.666466 0.422531 0.0927244 0.102258
2 0.756179 0.384531 0.0551718 0.0438674
3 0.366318 0.415468 0.0330289 0.0542547
3 0.82628 0.4748 0.0255032 0.0543354
2 0.807087 0.352465 0.0545717 0.0556732
3 0.317892 0.407399 0.0373654 0.0462944
0 0.720159 0.529766 0.0307508 0.0648407
3 0.581385 0.698061 0.0738054 0.108002
0 0.543165 0.633751 0.0360117 0.0710957
2 0.673387 0.335047 0.0408657 0.0298099
2 0.857525 0.371381 0.0426484 0.0347391
3 0.859 0.407591 0.0213057 0.0443268
3 0.287239 0.429691 0.0300595 0.0438832
3 0.718159 0.532533 0.0337099 0.0630727
0 0.615293 0.513345 0.0290711 0.0705753
3 0.390365 0.362728 0.0297507 0.0437247
3 0.772328 0.468278 0.0268156 0.0542171
3 0.676971 0.639522 0.034288 0.0521944
3 0.139592 0.382607 0.0441136 0.0438739
0 0.681864 0.619723 0.0425087 0.0891563
3 0.530258 0.677401 0.0338449 0.0491164
0 0.699715 0.683633 0.0431254 0.102839
3 0.76429 0.651389 0.0427048 0.0721989
0 0.772461 0.467488 0.0270006 0.0545015
