2 0.37449 0.435754 0.0801236 0.0888206
2 0.192927 0.505985 0.177719 0.122212
7 0.545291 0.457672 0.157726 0.171466
3 0.39744 0.729947 0.0879734 0.132608
0 0.324813 0.610926 0.0420375 0.10595
3 0.596808 0.580965 0.037384 0.0580596
0 0.59869 0.533145 0.0451273 0.118839
0 0.386342 0.515986 0.0319623 0.0743129
0 0.327251 0.549726 0.0297165 0.0576891
0 0.417674 0.605893 0.0643431 0.102073
0 0.705988 0.438062 0.022488 0.0542814
0 0.326913 0.560051 0.0347685 0.0772511
3 0.38576 0.767967 0.0622456 0.0582172
