2 0.707025 0.514797 0.111547 0.0864884
2 0.377911 0.3308 0.0619893 0.0293042
2 0.642117 0.364345 0.0526745 0.0353193
2 0.761106 0.447095 0.0541632 0.0561043
2 0.736647 0.389916 0.0629818 0.0584018
2 0.757201 0.344053 0.0244858 0.0376799
3 0.131882 0.693107 0.0533471 0.079372
3 0.344342 0.514157 0.0554229 0.0684402
3 0.399901 0.762362 0.0741775 0.0706243
3 0.206124 0.447623 0.0429652 0.0662109
0 0.600529 0.760772 0.0507271 0.0693133
3 0.591373 0.505368 0.0486208 0.0446988
2 0.20217 0.342791 0.0672468 0.0572093
3 0.162601 0.519391 0.0441264 0.0737009
3 0.222428 0.722588 0.0684043 0.0927079
3 0.859341 0.487385 0.0317925 0.0565246
3 0.820438 0.554919 0.0365617 0.0630342
0 0.343328 0.510428 0.0543968 0.0748203
0 0.22087 0.6884 0.0549522 0.0871353
3 0.207229 0.458005 0.0407616 0.0471617
2 0.33378 0.327037 0.057575 0.0271244
3 0.771691 0.54081 0.0454102 0.0595916
3 0.214614 0.718868 0.0530113 0.0680784
3 0.139937 0.406831 0.0261026 0.0538014
0 0.394698 0.762023 0.0635224 0.0719102
2 0.546311 0.326765 0.0555092 0.0520777
0 0.223287 0.676417 0.0481596 0.0636069
