2 0.330319 0.428014 0.075385 0.0441233
3 0.728944 0.530333 0.0626849 0.0663668
3 0.335183 0.511288 0.0458418 0.0573513
0 0.563098 0.774038 0.0371654 0.0446757
3 0.47719 0.441798 0.0321199 0.0457877
2 0.621578 0.364508 0.0686209 0.0368809
2 0.487056 0.354557 0.039924 0.0269995
2 0.270041 0.382296 0.0422141 0.0587348
2 0.389394 0.399377 0.0332365 0.0351759
0 0.21878 0.516202 0.0221213 0.0608357
2 0.591816 0.452758 0.130354 0.0860859
7 0.592493 0.452555 0.130949 0.0849517
0 0.229674 0.434207 0.0226947 0.0549691
7 0.436001 0.367209 0.067739 0.0553737
7 0.722196 0.356145 0.0874655 0.0495308
2 0.43616 0.367439 0.0667353 0.0545489
2 0.553054 0.343733 0.0544332 0.0452715
0 0.416731 0.427446 0.0216722 0.0377468
3 0.162937 0.485038 0.0345562 0.0601041
0 0.207156 0.439944 0.0172655 0.0468159
2 0.877889 0.384836 0.036734 0.034178
7 0.552998 0.343226 0.0554144 0.044992
3 0.416727 0.42799 0.0224019 0.0384386
