2 0.587452 0.644895 0.118041 0.199457
2 0.838914 0.722897 0.112638 0.141847
3 0.198517 0.451609 0.0421156 0.0610667
3 0.117165 0.447587 0.0267194 0.0546181
0 0.733981 0.683768 0.0448488 0.0977876
9 0.731536 0.277325 0.016745 0.0527875
3 0.265213 0.435183 0.0287325 0.0414771
3 0.325953 0.413271 0.0282717 0.0407898
3 0.377817 0.408789 0.0230648 0.0341525
3 0.373149 0.408611 0.0319912 0.0353119
3 0.488263 0.370668 0.0171318 0.0286569
3 0.267117 0.429378 0.0291945 0.0507245
3 0.404996 0.391543 0.0251068 0.0405946
0 0.557461 0.349652 0.0164394 0.0334809
