2 0.278151 0.723753 0.134524 0.144156
2 0.459075 0.477395 0.0414352 0.0578028
2 0.368361 0.416966 0.0377575 0.0423568
2 0.40198 0.36618 0.0271972 0.0230826
0 0.407325 0.521135 0.0165628 0.0464549
3 0.761428 0.547793 0.0245574 0.0443015
0 0.688248 0.481126 0.0136366 0.033812
3 0.790474 0.63434 0.0289913 0.061371
3 0.668666 0.513526 0.0208174 0.0478847
2 0.792653 0.545047 0.0247788 0.0471758
3 0.83188 0.571125 0.0256706 0.031959
3 0.710793 0.610019 0.0261496 0.0537497
2 0.422299 0.32865 0.0224663 0.0280604
2 0.74201 0.343682 0.0342462 0.0322861
0 0.728484 0.537635 0.0160171 0.044713
