2 0.379747 0.385958 0.0466247 0.0510691
3 0.294302 0.545945 0.0283145 0.0789509
2 0.332445 0.351826 0.0299913 0.0351197
3 0.752741 0.526972 0.0489826 0.0726891
3 0.408108 0.485517 0.02298 0.0594188
3 0.801394 0.507035 0.0342885 0.0626244
3 0.794588 0.509538 0.0468604 0.0579495
3 0.696711 0.484657 0.0352207 0.0592684
3 0.575017 0.448576 0.0234375 0.0511068
3 0.321809 0.410369 0.0205928 0.0461019
3 0.308086 0.487148 0.0224345 0.0635054
3 0.691638 0.477302 0.0408022 0.0718328
0 0.307583 0.48695 0.0225202 0.0640103
2 0.513639 0.330372 0.0256044 0.0328836
2 0.292084 0.312514 0.0238 0.0210452
7 0.147604 0.560915 0.0875621 0.193454
