2 0.441145 0.573729 0.127416 0.11903
2 0.345581 0.530208 0.119943 0.0966588
2 0.66894 0.417218 0.0697283 0.0626744
2 0.87199 0.364318 0.0482419 0.0571344
0 0.619556 0.754544 0.0432964 0.0836531
0 0.516383 0.722298 0.0422731 0.0821442
2 0.412931 0.34776 0.083409 0.0593474
3 0.308521 0.458322 0.0447922 0.0716338
0 0.388899 0.704794 0.0597448 0.112434
0 0.513541 0.736558 0.0489237 0.110719
2 0.701517 0.3752 0.0526222 0.0453232
3 0.262245 0.432897 0.0449443 0.0726475
3 0.297869 0.621097 0.0657917 0.086785
3 0.514877 0.761034 0.0547064 0.068679
3 0.411787 0.46199 0.0352463 0.066839
7 0.64843 0.312528 0.0531168 0.0511855
0 0.653055 0.642229 0.0429542 0.103415
2 0.231882 0.344973 0.0669351 0.0461956
2 0.740767 0.362206 0.0326778 0.0292143
3 0.133732 0.371548 0.0380613 0.0453097
3 0.1759 0.387708 0.0427782 0.0387868
0 0.411845 0.462294 0.0357326 0.0673002
0 0.392941 0.688756 0.0508662 0.0825782
0 0.654768 0.626395 0.0433713 0.0781713
7 0.800033 0.3571 0.0477777 0.0504424
