2 0.746601 0.401366 0.0826697 0.0863298
2 0.839525 0.292133 0.0499073 0.0492922
0 0.502167 0.51146 0.0389884 0.0885465
3 0.845395 0.606352 0.0738463 0.0623194
3 0.225099 0.566311 0.048923 0.0827045
3 0.835779 0.416644 0.0292439 0.0656105
3 0.511105 0.549283 0.059733 0.0582785
3 0.75536 0.643739 0.0469598 0.0568483
0 0.456289 0.447429 0.0287474 0.0449559
3 0.753727 0.627133 0.0465993 0.0881807
2 0.862034 0.251109 0.0349681 0.0435904
0 0.750908 0.607046 0.0398724 0.0829973
3 0.45934 0.479972 0.0492205 0.0682295
3 0.846025 0.584994 0.0716213 0.103736
