2 0.272054 0.596873 0.230957 0.241116
2 0.851174 0.555828 0.090036 0.141232
2 0.520828 0.428849 0.130667 0.100656
2 0.684365 0.510239 0.144822 0.152259
3 0.473344 0.523596 0.0472716 0.0751351
2 0.779765 0.335676 0.106351 0.0592871
3 0.436067 0.423915 0.0770378 0.089035
3 0.561716 0.459169 0.051482 0.0954922
0 0.308056 0.723514 0.0920182 0.134693
3 0.423934 0.426282 0.0519211 0.0859993
0 0.55587 0.44518 0.0351542 0.11961
25 0.438521 0.306941 0.0760099 0.0361321
58 0.307754 0.380222 0.0215303 0.0439467
