2 0.586375 0.403638 0.0371828 0.0429404
2 0.62359 0.495316 0.060149 0.0833953
2 0.525447 0.384613 0.0309884 0.0393617
2 0.431187 0.396787 0.0323636 0.0464239
2 0.566986 0.37019 0.0235926 0.02903
3 0.289189 0.69177 0.0375309 0.0612625
7 0.470533 0.435573 0.0477703 0.10096
2 0.440864 0.687661 0.0862593 0.161987
2 0.664693 0.408581 0.0693358 0.0375113
3 0.609011 0.591714 0.0269302 0.0636138
3 0.386628 0.582761 0.0254172 0.0438825
3 0.584255 0.680884 0.0350569 0.0459456
2 0.631713 0.378622 0.0409871 0.0338372
2 0.68141 0.408501 0.0377192 0.0378428
0 0.576449 0.51901 0.019046 0.0583596
3 0.582288 0.672403 0.0356247 0.0584829
3 0.309191 0.602031 0.0286342 0.037435
3 0.529108 0.702409 0.0327894 0.0665142
2 0.559278 0.447057 0.0149633 0.0449807
2 0.603272 0.358834 0.0342476 0.02861
3 0.576984 0.64446 0.0273422 0.065935
3 0.577375 0.657807 0.028857 0.0850453
3 0.584884 0.687456 0.0337133 0.0346263
0 0.5219 0.444774 0.0160652 0.0478393
7 0.612933 0.744694 0.140171 0.0955718
3 0.308175 0.58147 0.0287449 0.0759773
3 0.606139 0.584828 0.0216467 0.0676422
3 0.532228 0.553473 0.025421 0.0575387
