3 0.291593 0.628892 0.0899737 0.113247 0.606886
25 0.440044 0.303356 0.0783066 0.0380256 0.502447
3 0.290597 0.750384 0.094161 0.0916317 0.46942
0 0.29084 0.750442 0.093564 0.0913016 0.447148
3 0.424633 0.620844 0.0586721 0.100017 0.422535
3 0.501995 0.387539 0.0378603 0.0645782 0.39433
3 0.498154 0.397234 0.0305185 0.046381 0.383156
3 0.432397 0.393943 0.0533449 0.0433643 0.381922
0 0.82024 0.540561 0.0492737 0.101409 0.369317
0 0.732125 0.766562 0.0591202 0.0545419 0.350748
3 0.619543 0.415563 0.0444468 0.0542944 0.339463
3 0.432876 0.384961 0.0527217 0.0570611 0.334726
3 0.813658 0.564393 0.0444132 0.0743334 0.329224
0 0.116535 0.340083 0.0251673 0.0827496 0.311791
0 0.598402 0.493815 0.0363941 0.0894629 0.306333
3 0.783482 0.33325 0.0385885 0.0498266 0.301713
