2 0.66601 0.44525 0.0951849 0.0806319 0.833662
2 0.297996 0.36687 0.0444179 0.0672621 0.741217
2 0.503071 0.377795 0.0626178 0.0549787 0.701735
2 0.416529 0.324914 0.0413888 0.0437132 0.691554
0 0.499031 0.625478 0.0441904 0.0966442 0.579918
2 0.317461 0.2956 0.0298031 0.0279946 0.544817
2 0.5839 0.511404 0.124448 0.125387 0.518623
2 0.365595 0.336559 0.03866 0.0391942 0.47417
3 0.306841 0.505078 0.0293675 0.0529562 0.455218
3 0.499933 0.661776 0.041676 0.0780301 0.406514
0 0.299218 0.473058 0.0390524 0.114608 0.326225
3 0.161376 0.579309 0.0473403 0.0600228 0.311272
0 0.156272 0.564447 0.0461569 0.0934726 0.305509
0 0.153802 0.554961 0.0393096 0.074915 0.303852
