0 0.861767 0.729597 0.0659653 0.132791 0.645572
2 0.297993 0.623297 0.294938 0.337434 0.624594
25 0.439012 0.303865 0.073741 0.0394868 0.475368
3 0.493003 0.411612 0.0441006 0.0717653 0.457308
2 0.645848 0.399288 0.0854504 0.0676582 0.443015
3 0.798343 0.296793 0.024284 0.0456443 0.437808
3 0.643427 0.397695 0.0795174 0.0701932 0.428613
3 0.746793 0.327692 0.0402925 0.0447765 0.426186
3 0.751938 0.32866 0.0297178 0.0414414 0.423803
3 0.848902 0.317416 0.061272 0.0470535 0.387629
3 0.579712 0.382483 0.0418265 0.0594282 0.380206
2 0.602188 0.605437 0.348437 0.370636 0.34244
