3 0.4899 0.693646 0.0845762 0.105153 0.726859
3 0.661576 0.74207 0.0945532 0.0952075 0.715149
3 0.332262 0.607062 0.0697585 0.0777108 0.617397
3 0.259718 0.545696 0.0640551 0.0884547 0.608649
3 0.261382 0.414284 0.0339192 0.0583747 0.560499
2 0.539043 0.369433 0.0513877 0.0479556 0.552785
3 0.365997 0.429328 0.0454794 0.0524281 0.516821
3 0.29053 0.477791 0.0643284 0.0708135 0.492531
0 0.50757 0.436359 0.0339052 0.0544116 0.488014
3 0.419868 0.489454 0.0453001 0.0577804 0.462507
3 0.503675 0.513895 0.0566362 0.077659 0.455416
2 0.54892 0.366769 0.0711004 0.0531874 0.402282
3 0.210923 0.45873 0.0403129 0.0742205 0.377876
0 0.665453 0.717586 0.0439203 0.0991823 0.370311
0 0.334432 0.568075 0.0325414 0.0523308 0.353947
3 0.821682 0.753961 0.105136 0.0837368 0.332254
3 0.544768 0.653297 0.041684 0.0719729 0.317763
3 0.816608 0.677578 0.140175 0.09369 0.315872
