2 0.206936 0.490498 0.0932714 0.0955375 0.86381
2 0.136785 0.394837 0.0649517 0.0613775 0.674696
7 0.293627 0.439106 0.154819 0.160709 0.518047
3 0.137211 0.697929 0.0455913 0.0848975 0.51054
0 0.723253 0.741064 0.0585123 0.0878602 0.504993
3 0.509735 0.489911 0.0618272 0.0644481 0.497872
0 0.72923 0.386263 0.0146525 0.0473875 0.468842
2 0.791085 0.310477 0.049522 0.0424624 0.45475
3 0.165725 0.576475 0.0372523 0.0649912 0.391812
0 0.46363 0.38222 0.0117245 0.03371 0.3505
3 0.714294 0.763722 0.091457 0.0640403 0.330185
0 0.133745 0.670982 0.042092 0.0797727 0.318345
