5 0.674912 0.585884 0.18327 0.196477 0.814383
2 0.379302 0.366272 0.035136 0.030797 0.744517
5 0.49511 0.438698 0.0630995 0.074979 0.611933
7 0.494921 0.438043 0.0616264 0.0747632 0.527784
0 0.434376 0.567791 0.0308682 0.0572424 0.480791
3 0.328654 0.51522 0.0244299 0.0649706 0.42196
3 0.381582 0.538155 0.0227222 0.0475754 0.401424
3 0.437066 0.610191 0.0257982 0.0557876 0.336872
1 0.328889 0.511964 0.025754 0.0656094 0.333977
3 0.812265 0.648804 0.0695001 0.0819591 0.320269
0 0.380758 0.512173 0.0226962 0.0521393 0.318212
