2 0.489161 0.415493 0.0414398 0.0535825 0.666728
2 0.306318 0.467978 0.0883518 0.121737 0.506239
0 0.374336 0.501651 0.0239936 0.0657084 0.489381
0 0.249367 0.560474 0.0318368 0.0668906 0.431388
0 0.489838 0.545491 0.0253401 0.0647574 0.411985
0 0.603823 0.449561 0.0114306 0.0407141 0.403721
3 0.321174 0.5811 0.0338401 0.103586 0.380897
3 0.154315 0.555102 0.0357838 0.0823376 0.372607
3 0.261199 0.626653 0.037227 0.0759491 0.337187
7 0.306627 0.470012 0.0895423 0.12699 0.330942
3 0.493385 0.562006 0.033534 0.0849105 0.306635
