2 0.808315 0.659973 0.176265 0.16916 0.830376
2 0.705775 0.409898 0.101686 0.0623798 0.82243
3 0.556745 0.481555 0.0567522 0.0805354 0.503008
3 0.126411 0.541565 0.0445817 0.0729803 0.494079
3 0.172143 0.385995 0.0312691 0.0575808 0.448606
3 0.363785 0.428308 0.0392859 0.0627716 0.428479
0 0.817556 0.542535 0.0786192 0.0827278 0.370625
3 0.461776 0.481251 0.0534007 0.062771 0.361484
0 0.469613 0.441193 0.0441687 0.0689671 0.359499
3 0.816684 0.546279 0.0769207 0.0720568 0.357976
2 0.137752 0.323951 0.0584367 0.0442777 0.337018
