2 0.440777 0.391756 0.110706 0.0734604 0.861639
2 0.18397 0.349872 0.125867 0.0862461 0.803108
0 0.464455 0.701099 0.0540294 0.172145 0.730778
0 0.400145 0.750284 0.0878162 0.0918931 0.61723
0 0.665583 0.753422 0.0494348 0.0864437 0.571451
0 0.650631 0.676914 0.0502577 0.144749 0.537673
0 0.486307 0.58373 0.0500917 0.110115 0.523964
3 0.69039 0.437223 0.0500712 0.0595172 0.511232
0 0.541176 0.704268 0.0587479 0.17353 0.484323
0 0.574654 0.599618 0.0376921 0.0976682 0.467404
3 0.602476 0.424767 0.0545614 0.0604992 0.453804
0 0.601307 0.711415 0.0505283 0.139136 0.447261
2 0.627634 0.324664 0.0361483 0.0499907 0.419029
3 0.809014 0.471462 0.110728 0.16152 0.32015
2 0.13172 0.405886 0.055115 0.223077 0.312138
