2 0.82624 0.577072 0.138988 0.0935811 0.890175
2 0.773745 0.720184 0.154517 0.149026 0.829791
2 0.503748 0.434003 0.0539777 0.0564975 0.78286
2 0.413352 0.425929 0.0504283 0.0492056 0.644526
2 0.530617 0.385914 0.0334487 0.0373492 0.64056
2 0.836127 0.465749 0.119429 0.0730094 0.565273
3 0.474841 0.573171 0.0327756 0.0371681 0.525426
3 0.59719 0.695885 0.0307171 0.0544937 0.453671
0 0.562775 0.761933 0.0544939 0.0710866 0.4451
0 0.471015 0.550315 0.0268978 0.0681385 0.406643
3 0.599888 0.675842 0.0359336 0.0929064 0.360931
