2 0.549207 0.696225 0.202885 0.194348 0.826808
5 0.753258 0.359004 0.102578 0.11955 0.621239
2 0.170892 0.321205 0.0492769 0.0607833 0.60794
7 0.753313 0.358388 0.102645 0.120594 0.475651
3 0.350981 0.558454 0.0524228 0.0882717 0.436375
0 0.839494 0.591038 0.0396629 0.0677864 0.413472
3 0.14181 0.652837 0.0519157 0.113633 0.390149
0 0.137768 0.636067 0.055843 0.10419 0.37325
2 0.857998 0.316496 0.0568268 0.0549176 0.36786
3 0.828905 0.641255 0.0325087 0.0576392 0.362773
0 0.347309 0.526026 0.0316565 0.067708 0.347838
0 0.130694 0.62483 0.0415247 0.0905908 0.331583
0 0.174395 0.432205 0.0343754 0.0782679 0.327253
3 0.177435 0.435609 0.0405203 0.0835803 0.313729
2 0.179383 0.281408 0.0436241 0.0567265 0.304259
2 0.85301 0.252223 0.0407589 0.0448717 0.304041
