2 0.699343 0.39299 0.0671351 0.0667472 0.830312
3 0.234456 0.687114 0.0908127 0.109301 0.676397
3 0.660181 0.529807 0.0766958 0.0740284 0.534684
3 0.860931 0.540815 0.0679745 0.08454 0.528142
2 0.62023 0.365603 0.0589544 0.0614525 0.525462
0 0.419524 0.704778 0.061664 0.103218 0.487315
3 0.425612 0.739256 0.0911044 0.104108 0.465425
3 0.565055 0.546174 0.0695521 0.0643779 0.398238
3 0.61224 0.408116 0.0382126 0.0477988 0.39616
0 0.421486 0.692728 0.0541646 0.0782848 0.356072
0 0.228145 0.654181 0.061028 0.10759 0.347401
3 0.331973 0.436097 0.044227 0.0656108 0.33941
3 0.130971 0.413603 0.0320559 0.0527368 0.306835
