2 0.335041 0.361771 0.102982 0.0613581 0.891823
5 0.580729 0.35449 0.0579286 0.0767003 0.648674
5 0.627128 0.429794 0.108648 0.175318 0.591864
3 0.483999 0.423928 0.0272425 0.049785 0.532381
0 0.710406 0.536472 0.0335383 0.0836994 0.496162
0 0.657944 0.690565 0.058774 0.139222 0.459475
0 0.690403 0.628432 0.0443533 0.0940225 0.400345
2 0.212228 0.313534 0.0428541 0.0309125 0.373458
3 0.486707 0.418802 0.0270531 0.0566235 0.347595
0 0.724504 0.749272 0.0560784 0.0936951 0.33958
0 0.856868 0.470001 0.012899 0.0505651 0.302569
