5 0.242499 0.459509 0.12891 0.136802 0.839198
0 0.339129 0.692923 0.0354203 0.0982934 0.743003
2 0.720601 0.427218 0.0740417 0.0435288 0.742112
0 0.261879 0.739177 0.033118 0.110105 0.632967
0 0.594441 0.474231 0.0202296 0.0595269 0.601302
5 0.563563 0.408808 0.0629308 0.103349 0.592873
2 0.470463 0.414421 0.0350441 0.0409014 0.565556
0 0.228497 0.757649 0.0360129 0.0773003 0.539697
0 0.557598 0.568308 0.0229368 0.0671195 0.48282
2 0.483513 0.380444 0.0293276 0.0319555 0.459942
5 0.530349 0.348378 0.0322814 0.0467049 0.387809
2 0.482101 0.383649 0.0327904 0.0420951 0.354707
2 0.586568 0.3474 0.0201195 0.0279224 0.336462
3 0.558056 0.574114 0.0233078 0.0785178 0.311229
