2 0.553259 0.467054 0.140916 0.134086 0.826497
2 0.681979 0.51223 0.150599 0.133182 0.597304
0 0.61013 0.396498 0.0300781 0.0605888 0.524712
25 0.447538 0.303072 0.076061 0.0394413 0.515174
3 0.529712 0.404996 0.0343548 0.0679357 0.414164
3 0.801305 0.593706 0.0566284 0.118872 0.414157
3 0.392632 0.439725 0.0555439 0.0675832 0.402937
3 0.873686 0.604805 0.0446465 0.0749736 0.383666
3 0.450304 0.439234 0.0263558 0.0801499 0.362943
3 0.873855 0.58924 0.0441082 0.104819 0.350698
0 0.449614 0.436416 0.0243612 0.0764208 0.308025
