2 0.75681 0.567712 0.131913 0.104494 0.810903
2 0.572733 0.67737 0.126455 0.160482 0.80645
2 0.644043 0.553769 0.106186 0.096754 0.798243
2 0.318678 0.373183 0.0257116 0.0331548 0.737836
2 0.35705 0.460537 0.0492068 0.0660032 0.726119
2 0.364691 0.394787 0.0352571 0.0413318 0.620788
2 0.431968 0.472648 0.0546103 0.0744546 0.583645
2 0.408979 0.378431 0.0279682 0.0288284 0.473325
2 0.521954 0.476073 0.0710957 0.0517518 0.393639
0 0.318325 0.714179 0.036109 0.120796 0.33836
0 0.291327 0.448748 0.0157393 0.0404349 0.337849
2 0.501046 0.475213 0.0328388 0.0398157 0.335966
2 0.532295 0.477151 0.0491094 0.0526067 0.318737
