2 0.567101 0.568905 0.0808271 0.0951841 0.884338
2 0.62877 0.724146 0.114956 0.138354 0.861002
2 0.391396 0.513811 0.0772118 0.0814849 0.773098
2 0.661059 0.564961 0.0694696 0.0927723 0.765138
2 0.434975 0.751849 0.157082 0.0862579 0.753561
2 0.228842 0.710301 0.206501 0.164944 0.698162
2 0.631599 0.472511 0.0525713 0.0574633 0.603696
0 0.710532 0.763854 0.0265784 0.0604011 0.373927
2 0.463772 0.505935 0.0649654 0.0852043 0.351306
3 0.265639 0.569521 0.0412323 0.0668408 0.330873
2 0.625935 0.431501 0.0322686 0.0358229 0.310392
