2 0.815527 0.561133 0.100684 0.09751 0.838804
2 0.685298 0.453018 0.0619044 0.0724547 0.697031
2 0.667073 0.377834 0.0378355 0.0412902 0.614719
2 0.767258 0.451164 0.0647131 0.0803984 0.607035
5 0.479761 0.538081 0.132652 0.222592 0.569537
0 0.539686 0.693083 0.0485685 0.100333 0.438375
0 0.676804 0.709594 0.0428487 0.10993 0.434973
0 0.604271 0.696083 0.0458626 0.117749 0.433691
2 0.455173 0.429305 0.0662515 0.0818955 0.42866
2 0.49933 0.401357 0.0321539 0.0359596 0.418497
3 0.305612 0.57855 0.0478101 0.090451 0.407017
0 0.72197 0.625712 0.0338831 0.0795643 0.393825
0 0.625923 0.555709 0.0320127 0.0613825 0.366687
2 0.674345 0.306938 0.0198396 0.0209632 0.366284
3 0.194041 0.55193 0.0426924 0.0726404 0.364796
0 0.290996 0.506713 0.0324749 0.0680375 0.364446
3 0.718688 0.654789 0.0387426 0.0746075 0.326823
