2 0.430114 0.740015 0.185135 0.108254 0.718102
2 0.426203 0.378732 0.0278892 0.0313532 0.67978
2 0.335695 0.415677 0.0347906 0.0505028 0.632055
3 0.528689 0.532633 0.0232624 0.0447269 0.529234
3 0.30413 0.568533 0.022517 0.0628268 0.448138
3 0.385148 0.447199 0.017818 0.0449844 0.424956
2 0.541375 0.453016 0.0500023 0.0519387 0.412348
0 0.554158 0.482047 0.0196205 0.0607643 0.36589
3 0.467453 0.456463 0.0195816 0.0466289 0.364574
0 0.528812 0.518445 0.0222317 0.0639232 0.359674
2 0.379278 0.399186 0.0343946 0.0373432 0.347558
3 0.302816 0.576618 0.0242884 0.0540099 0.319345
2 0.380648 0.403131 0.0301057 0.0306998 0.317309
