2 0.619124 0.593133 0.119268 0.125463 0.832741
2 0.450408 0.385769 0.041752 0.0487152 0.790436
2 0.413493 0.341163 0.0240759 0.0313059 0.688173
2 0.429657 0.315994 0.0216046 0.0275793 0.510404
0 0.197911 0.758855 0.0300798 0.0772914 0.475989
2 0.15712 0.692349 0.107208 0.112899 0.425383
0 0.362416 0.654729 0.0362407 0.0905345 0.423124
3 0.74398 0.57603 0.0525148 0.0765767 0.421612
3 0.529473 0.424208 0.0228665 0.0504315 0.417663
3 0.611133 0.453281 0.023366 0.0522842 0.368446
3 0.494978 0.527411 0.0279148 0.0608813 0.368427
0 0.493961 0.518002 0.0235742 0.0701491 0.362109
