2 0.184282 0.727614 0.159189 0.1301 0.854519
2 0.796373 0.418111 0.0592581 0.0505507 0.718521
2 0.855447 0.377663 0.0482002 0.0397423 0.592366
0 0.507247 0.542118 0.0271118 0.0794438 0.591006
2 0.6459 0.337926 0.0408386 0.0381474 0.568714
2 0.513449 0.34971 0.0680933 0.0561831 0.54506
0 0.686423 0.663946 0.0361864 0.0845912 0.48228
7 0.721525 0.430253 0.0976068 0.120995 0.477913
2 0.735763 0.344944 0.0440094 0.0437474 0.398702
0 0.542761 0.742202 0.0509978 0.100109 0.387952
0 0.449816 0.622293 0.0420466 0.071834 0.376146
3 0.679126 0.544331 0.0341205 0.0674429 0.331475
7 0.61912 0.420786 0.104924 0.124578 0.319296
