2 0.572208 0.474969 0.110177 0.0668323 0.834134
2 0.481724 0.504604 0.0844103 0.0779544 0.831061
2 0.414847 0.446929 0.0806878 0.0517363 0.735425
2 0.859279 0.468638 0.0743633 0.0662525 0.680776
2 0.740358 0.498888 0.128171 0.0716879 0.614485
3 0.555395 0.558972 0.0941496 0.0840112 0.555625
2 0.563404 0.366774 0.0532016 0.0335792 0.508057
5 0.255725 0.50849 0.111813 0.168845 0.491671
2 0.324172 0.439758 0.0548494 0.0575686 0.473167
2 0.375268 0.417129 0.0449893 0.0479442 0.464753
2 0.509635 0.454895 0.0619707 0.0650333 0.443463
2 0.470609 0.388954 0.0435297 0.0437695 0.412635
3 0.642664 0.538668 0.0584577 0.0705057 0.40444
2 0.339824 0.393939 0.0328232 0.0335113 0.393348
2 0.719507 0.366114 0.0600944 0.0265315 0.364185
2 0.300012 0.393852 0.0353977 0.0462423 0.362502
3 0.146064 0.64476 0.0329385 0.0551262 0.338889
0 0.267754 0.708061 0.0329362 0.0773113 0.328691
7 0.255161 0.50819 0.11379 0.16979 0.324388
2 0.809503 0.371721 0.0651652 0.030456 0.30951
