2 0.85466 0.749121 0.079816 0.0906265 0.511665
2 0.616099 0.455898 0.0690243 0.0844807 0.450286
2 0.854799 0.727497 0.0807083 0.133002 0.432419
2 0.470463 0.354317 0.0278236 0.0286077 0.428467
3 0.394026 0.444971 0.022867 0.0572635 0.395495
0 0.814648 0.477924 0.0213671 0.0534643 0.374163
0 0.438476 0.735214 0.0363611 0.061704 0.373981
3 0.437131 0.770159 0.0370064 0.0559758 0.366309
3 0.622681 0.558925 0.0382427 0.0515846 0.34918
3 0.743451 0.489216 0.0281056 0.0497264 0.346953
0 0.854586 0.493949 0.0174031 0.0595987 0.321706
3 0.621544 0.547382 0.0391798 0.068227 0.320473
0 0.421567 0.625766 0.0305691 0.101286 0.315375
