2 0.300916 0.705056 0.147778 0.178311 0.733012
2 0.490575 0.413958 0.0395706 0.0545727 0.662155
2 0.416422 0.394259 0.0389789 0.0378918 0.628899
2 0.355042 0.3061 0.0249607 0.0225843 0.53578
2 0.487593 0.352525 0.0286907 0.0371174 0.51333
2 0.616718 0.394993 0.0413756 0.0392443 0.483421
3 0.290767 0.508429 0.0248533 0.054467 0.438127
2 0.440321 0.371492 0.0255597 0.0236734 0.37687
2 0.437919 0.360053 0.0298487 0.0412081 0.361162
3 0.185637 0.412007 0.0215884 0.0440862 0.343208
3 0.369626 0.429794 0.0207997 0.0380196 0.323153
3 0.72404 0.466793 0.0240747 0.0492747 0.317742
3 0.826934 0.473415 0.0274132 0.0462647 0.311729
