2 0.690321 0.382973 0.0546538 0.0506052 0.615229
5 0.873615 0.342022 0.0457599 0.0658441 0.485773
3 0.747766 0.580044 0.0286478 0.0444312 0.464963
3 0.282102 0.43824 0.0377442 0.0510832 0.454168
3 0.80259 0.41579 0.0201837 0.0448228 0.447313
3 0.743926 0.468092 0.0278044 0.056486 0.41311
3 0.346512 0.411823 0.0356549 0.046631 0.405801
3 0.430817 0.386809 0.022782 0.0453757 0.401173
3 0.183868 0.485735 0.0531756 0.0583234 0.376913
0 0.789767 0.496112 0.0260426 0.054467 0.330826
3 0.622539 0.771072 0.0550699 0.0512788 0.313854
