2 0.727138 0.524048 0.0927082 0.0833875 0.887003
2 0.176094 0.457559 0.104329 0.0538262 0.704375
2 0.485424 0.372011 0.0299648 0.049476 0.606213
2 0.287407 0.689592 0.133886 0.0852684 0.526502
5 0.672423 0.655976 0.192722 0.27108 0.496071
0 0.495313 0.499998 0.0263328 0.0739918 0.482259
7 0.705756 0.719363 0.139738 0.151476 0.446153
2 0.543569 0.459275 0.0583259 0.113397 0.368989
3 0.610396 0.495042 0.0219461 0.0586529 0.363397
0 0.453453 0.525789 0.0184851 0.0705917 0.3625
2 0.443138 0.352786 0.0264012 0.0357233 0.350344
7 0.551241 0.381085 0.0534613 0.0627532 0.343984
3 0.167304 0.501493 0.0569427 0.0587341 0.341226
0 0.418468 0.50286 0.0225126 0.0570035 0.33594
7 0.543928 0.459708 0.0582464 0.112813 0.334163
