2 0.403475 0.391586 0.11373 0.0652228 0.718432
2 0.530504 0.384397 0.110665 0.0539989 0.70571
3 0.466342 0.415235 0.0563169 0.0715762 0.656656
3 0.307042 0.476007 0.0409361 0.106275 0.636348
3 0.551666 0.430246 0.0515042 0.0590183 0.585281
2 0.682058 0.310793 0.0259356 0.0277838 0.551656
2 0.612763 0.412213 0.0952504 0.0583837 0.544733
3 0.297643 0.386199 0.0530775 0.0613868 0.462943
0 0.708042 0.683179 0.0485877 0.133727 0.458663
3 0.21735 0.376553 0.0538656 0.065469 0.412515
0 0.330722 0.358541 0.0244668 0.0572563 0.407278
