2 0.578258 0.492608 0.0697976 0.0795531 0.811243
2 0.533959 0.606829 0.0955118 0.119465 0.756608
3 0.190229 0.706535 0.0712026 0.115927 0.695942
2 0.555581 0.401466 0.043629 0.0509442 0.679772
3 0.271216 0.753492 0.0646405 0.091239 0.578835
0 0.647315 0.610973 0.0323797 0.0902807 0.520248
3 0.727349 0.434221 0.0191477 0.0459179 0.450972
0 0.63737 0.527089 0.0193849 0.0702763 0.425483
2 0.3309 0.331266 0.0511169 0.0292913 0.41717
25 0.224005 0.408508 0.0701265 0.0277134 0.407685
3 0.403983 0.608084 0.0333165 0.0726691 0.386392
3 0.302616 0.664094 0.048056 0.0716749 0.375149
3 0.356052 0.624722 0.0344417 0.0613291 0.348042
3 0.86542 0.472658 0.032854 0.0460962 0.335161
0 0.270664 0.743487 0.0644051 0.109591 0.319368
3 0.356567 0.605833 0.0360601 0.0936195 0.302203
