2 0.408497 0.47916 0.0823126 0.082855 0.88287
2 0.31339 0.426459 0.0460963 0.0555188 0.846492
7 0.73597 0.476983 0.202737 0.125598 0.696225
3 0.331513 0.5811 0.0268825 0.0642385 0.63705
2 0.2527 0.366723 0.0270635 0.0331305 0.617657
2 0.163736 0.384162 0.0362614 0.0356574 0.503897
3 0.177268 0.535553 0.0270251 0.0579211 0.470757
3 0.503697 0.519161 0.048786 0.0652559 0.466158
3 0.322866 0.695625 0.0345652 0.0766472 0.460149
3 0.248878 0.63475 0.0305823 0.0693607 0.432569
3 0.179854 0.708494 0.0421637 0.0930676 0.429475
0 0.468375 0.413138 0.0133926 0.0387505 0.418336
0 0.176136 0.69262 0.0391185 0.0986481 0.360079
2 0.637851 0.350382 0.050623 0.0237866 0.357489
2 0.289565 0.378461 0.0490133 0.05449 0.346827
2 0.580812 0.347598 0.0642181 0.0348667 0.34336
3 0.242455 0.48928 0.0415663 0.0769594 0.333585
0 0.331471 0.57128 0.0263807 0.0746372 0.326896
7 0.290678 0.378937 0.052292 0.0556544 0.321015
2 0.787865 0.333572 0.0276898 0.0388668 0.310935
3 0.251933 0.503374 0.0216617 0.0494712 0.306586
