2 0.338905 0.478162 0.0543026 0.0795453 0.730052
2 0.314402 0.366706 0.0282588 0.0310504 0.726615
5 0.218559 0.478304 0.130291 0.194162 0.67262
2 0.282215 0.355858 0.021534 0.0247334 0.636731
2 0.509127 0.382074 0.0437437 0.0345656 0.578795
7 0.472962 0.723224 0.261171 0.135511 0.495413
2 0.777464 0.356688 0.0292154 0.0305917 0.479081
0 0.764394 0.46522 0.0222102 0.0547443 0.468471
0 0.468968 0.381569 0.0116244 0.0291481 0.433197
0 0.734838 0.420052 0.0149978 0.0388212 0.41788
5 0.661592 0.412212 0.0690462 0.0890939 0.41026
3 0.435374 0.416085 0.0226921 0.0355899 0.392188
2 0.597543 0.399921 0.0581424 0.0375991 0.365604
2 0.662015 0.412198 0.0705742 0.0890791 0.361211
7 0.661796 0.412593 0.0697766 0.0883274 0.342307
