2 0.40757 0.34443 0.0284128 0.0317 0.710567
2 0.453214 0.417562 0.0544604 0.0569154 0.612141
0 0.450436 0.496411 0.0271167 0.0662756 0.523706
0 0.616098 0.659252 0.0452727 0.0826248 0.476804
2 0.454266 0.361178 0.0337607 0.0381907 0.461727
3 0.553498 0.571732 0.0500677 0.0633347 0.434164
3 0.772949 0.570508 0.0514679 0.0664371 0.396806
3 0.157045 0.646953 0.0918037 0.0613359 0.386472
0 0.342117 0.447897 0.0205936 0.0562456 0.383973
2 0.437072 0.331248 0.0253012 0.0312367 0.362933
0 0.652427 0.455562 0.0269556 0.0685658 0.338408
3 0.318162 0.422388 0.0198463 0.0433134 0.329345
3 0.621151 0.693669 0.0544115 0.0844141 0.314336
3 0.663428 0.542839 0.0429219 0.0530949 0.312908
