2 0.584341 0.610364 0.112258 0.149571 0.86192
2 0.48574 0.37725 0.0336203 0.0363626 0.581379
3 0.687669 0.493071 0.0305495 0.0516702 0.577102
3 0.416771 0.496787 0.0316374 0.0684301 0.516087
0 0.466672 0.632329 0.0377604 0.0708894 0.496919
2 0.595167 0.339085 0.0297477 0.0238944 0.487241
3 0.359361 0.482836 0.0286506 0.0614263 0.456441
7 0.361617 0.36765 0.0474285 0.0780384 0.453912
3 0.489412 0.705779 0.0324328 0.062922 0.436886
3 0.478262 0.691591 0.0515699 0.0863259 0.423802
3 0.471358 0.689388 0.0375618 0.0730138 0.396173
0 0.408682 0.446354 0.0198401 0.0449651 0.373079
0 0.687233 0.488978 0.030142 0.0579289 0.359192
0 0.468106 0.645005 0.0375387 0.0918963 0.352216
3 0.142183 0.652511 0.0711227 0.111996 0.339912
2 0.389054 0.349359 0.0242755 0.0266801 0.305778
