0 0.873673 0.621532 0.0320584 0.0897836 0.59467
3 0.390556 0.605214 0.0380213 0.0786109 0.515344
0 0.714007 0.485411 0.018569 0.0633298 0.482461
2 0.159947 0.355668 0.0360207 0.0307961 0.470742
0 0.746836 0.501648 0.0251684 0.0613116 0.466104
2 0.714928 0.391482 0.0352249 0.0338346 0.416598
0 0.364677 0.548297 0.0298291 0.0679222 0.380495
0 0.245154 0.590183 0.0459641 0.0832761 0.364891
3 0.230442 0.632533 0.0372774 0.0636703 0.361144
3 0.116092 0.439317 0.0210015 0.0430752 0.346416
3 0.611696 0.66176 0.0270651 0.0595736 0.314471
3 0.432903 0.441744 0.0214601 0.0383749 0.304825
