2 0.646266 0.540805 0.077627 0.104857 0.80094
2 0.706709 0.45796 0.0472027 0.0655868 0.741985
2 0.734719 0.699724 0.107755 0.185842 0.649367
2 0.736012 0.391774 0.0298493 0.0343208 0.626214
2 0.679867 0.413825 0.0399412 0.0404437 0.595361
0 0.457901 0.618251 0.0380398 0.0886659 0.533474
2 0.783245 0.429824 0.0416086 0.048573 0.513391
0 0.422681 0.687308 0.044202 0.108695 0.472149
3 0.558295 0.579407 0.024037 0.0469942 0.454537
0 0.4116 0.602405 0.0359736 0.0752361 0.428537
2 0.729342 0.334591 0.0289354 0.0403268 0.377094
3 0.558886 0.57063 0.0246062 0.0619197 0.373804
3 0.218937 0.658184 0.051969 0.0397669 0.36565
3 0.455429 0.721389 0.0511353 0.107663 0.357234
2 0.728526 0.347261 0.0269549 0.019312 0.347954
0 0.559979 0.551443 0.0242859 0.0641636 0.339015
2 0.785601 0.373053 0.0286556 0.0291113 0.32768
3 0.410896 0.60606 0.0357074 0.0744146 0.324065
0 0.454288 0.691698 0.0290206 0.0876848 0.303959
