2 0.587636 0.590116 0.136301 0.151807 0.880538
2 0.809268 0.683241 0.173257 0.21276 0.871433
2 0.335856 0.42042 0.0614616 0.0713842 0.849038
2 0.437698 0.462021 0.0799181 0.0770359 0.839917
2 0.798404 0.50049 0.11809 0.105688 0.777786
2 0.769782 0.540954 0.159085 0.129743 0.634546
7 0.549189 0.430485 0.112607 0.157069 0.622325
2 0.42307 0.370922 0.0482337 0.0483396 0.562873
2 0.367677 0.375579 0.0561337 0.0513147 0.498989
2 0.270727 0.345766 0.0350972 0.0320563 0.482087
2 0.34734 0.314107 0.0379509 0.0321736 0.439602
2 0.384115 0.341608 0.0392079 0.0431693 0.4028
2 0.268433 0.336388 0.0396003 0.048827 0.395779
2 0.485251 0.368886 0.0536086 0.0546329 0.3855
2 0.609927 0.39843 0.0435718 0.05098 0.341857
