5 0.459699 0.46877 0.128819 0.164013 0.887407
2 0.599374 0.523741 0.0701296 0.0865779 0.82091
2 0.517657 0.741707 0.129686 0.10576 0.748481
2 0.651637 0.399778 0.0363571 0.0407206 0.706958
2 0.619885 0.44557 0.050496 0.0590067 0.655109
2 0.556251 0.408113 0.0288752 0.0443089 0.48737
3 0.28815 0.568016 0.0334656 0.0756494 0.452091
3 0.287623 0.581407 0.0331691 0.0554008 0.440237
3 0.339986 0.557206 0.0279429 0.0607407 0.403681
2 0.54237 0.383696 0.0436239 0.048464 0.372003
2 0.56572 0.406561 0.0488295 0.0472322 0.36216
2 0.136826 0.356628 0.0647954 0.034372 0.32781
2 0.127291 0.357545 0.0470711 0.0336395 0.319629
0 0.291666 0.556073 0.0272376 0.0657804 0.318839
0 0.671002 0.49436 0.0188611 0.0556755 0.3147
2 0.544188 0.39154 0.0368306 0.0388798 0.314505
