2 0.40285 0.355331 0.0483288 0.0380116 0.689187
2 0.867458 0.488896 0.0560089 0.0546038 0.676561
3 0.590903 0.450098 0.0419466 0.0531256 0.565113
9 0.824194 0.449195 0.0268822 0.0733588 0.491112
3 0.617863 0.603464 0.0368175 0.0893663 0.486997
3 0.514613 0.374423 0.0324995 0.0378279 0.477033
0 0.242369 0.452806 0.0264782 0.060349 0.408067
3 0.549718 0.65569 0.0714295 0.0816934 0.389631
3 0.457056 0.748393 0.0448021 0.0887612 0.379214
0 0.277411 0.438249 0.0210703 0.0570165 0.353235
3 0.443873 0.748647 0.0634648 0.0900733 0.350899
0 0.478531 0.630317 0.0320858 0.0754799 0.339102
3 0.443818 0.759982 0.0595406 0.0665448 0.320431
3 0.616548 0.61665 0.0388782 0.0661129 0.302426
