2 0.473555 0.569108 0.0951862 0.103671 0.868535
5 0.616717 0.434891 0.0651049 0.105523 0.769062
0 0.602733 0.716898 0.0351992 0.104166 0.64849
3 0.342679 0.534537 0.0280179 0.0731602 0.526433
2 0.573281 0.569603 0.0697649 0.102968 0.502803
2 0.591442 0.569281 0.108024 0.106518 0.432253
5 0.548979 0.414467 0.0484921 0.0837194 0.407079
2 0.536467 0.477131 0.058789 0.0666055 0.393434
7 0.513846 0.723997 0.113437 0.142956 0.386657
2 0.513913 0.724303 0.112844 0.142552 0.354265
0 0.63126 0.638515 0.0310307 0.0880187 0.32238
