5 0.567504 0.371553 0.175173 0.131452 0.897275
2 0.27974 0.483007 0.187407 0.127243 0.890673
2 0.549142 0.499706 0.125504 0.0990904 0.888315
2 0.149034 0.725693 0.0908065 0.139744 0.885477
2 0.799182 0.365935 0.0632524 0.0570837 0.795196
3 0.590754 0.592057 0.0578854 0.108505 0.577484
3 0.228392 0.36606 0.0299908 0.0375024 0.508128
3 0.183475 0.474506 0.0602941 0.0833896 0.467239
3 0.371797 0.385037 0.0428144 0.0373827 0.35197
2 0.744177 0.33244 0.0584957 0.0457094 0.350839
3 0.801101 0.4379 0.0255006 0.0677808 0.328705
