2 0.719921 0.563546 0.0795191 0.112199 0.699738
2 0.232195 0.415007 0.0395226 0.0373395 0.636187
2 0.133582 0.678534 0.0599105 0.230034 0.609423
7 0.473037 0.725892 0.261239 0.131117 0.517495
2 0.767925 0.353756 0.0291266 0.0338189 0.460152
3 0.772628 0.425515 0.0236835 0.046263 0.433877
2 0.277413 0.362032 0.0210855 0.0328741 0.430598
2 0.446224 0.372704 0.058196 0.0443 0.409979
0 0.701077 0.427648 0.025564 0.0399353 0.376255
2 0.707672 0.490548 0.0620706 0.0676384 0.354486
2 0.884368 0.541487 0.0237157 0.0638024 0.333981
