2 0.74595 0.740886 0.213637 0.213737 0.871698
2 0.927899 0.798299 0.129198 0.144809 0.805562
2 0.296539 0.388757 0.0559995 0.0801054 0.551482
2 0.383241 0.340102 0.0458452 0.0443478 0.533263
2 0.483099 0.43062 0.0622382 0.0682729 0.516602
2 0.529678 0.488207 0.101831 0.112407 0.513159
3 0.661703 0.430857 0.0535077 0.0788244 0.505453
0 0.870026 0.575779 0.0533256 0.127264 0.426166
2 0.278872 0.30555 0.03479 0.0368403 0.393396
2 0.568537 0.364614 0.0706033 0.0727934 0.381207
0 0.906845 0.525976 0.0251911 0.102632 0.331087
2 0.4071 0.439258 0.0649056 0.059493 0.325218
2 0.499281 0.376077 0.0655909 0.0666774 0.306425
