2 0.575456 0.496911 0.118814 0.11758 0.851548
2 0.427642 0.487146 0.091346 0.105219 0.849708
2 0.529241 0.397623 0.0712216 0.0653431 0.786029
2 0.812792 0.749217 0.16875 0.0907522 0.759169
2 0.358963 0.367274 0.0404118 0.0524341 0.712186
2 0.627712 0.33878 0.0438607 0.0340241 0.583154
2 0.39863 0.342136 0.0410663 0.0412075 0.53808
2 0.248765 0.312458 0.0370876 0.0308324 0.494197
2 0.859935 0.546493 0.0718548 0.100515 0.463471
2 0.51242 0.351207 0.0453985 0.0394786 0.442761
3 0.36679 0.615 0.0305976 0.063014 0.387971
2 0.432065 0.317294 0.0340217 0.0310406 0.376578
0 0.363091 0.569914 0.0325329 0.0596474 0.366346
2 0.827957 0.399045 0.128561 0.0865419 0.352331
3 0.323912 0.475744 0.0328371 0.0709489 0.345431
5 0.828476 0.399716 0.128393 0.0868045 0.318678
