2 0.829216 0.635514 0.134249 0.144668 0.790476
2 0.207684 0.718202 0.208485 0.152418 0.634217
7 0.702224 0.40937 0.0643421 0.102011 0.57091
2 0.478314 0.615493 0.101839 0.144518 0.564008
2 0.548753 0.445855 0.0575192 0.0833594 0.539611
0 0.633111 0.698788 0.045763 0.105729 0.535666
2 0.501866 0.407349 0.0709894 0.087796 0.402523
7 0.501877 0.406469 0.0707307 0.0906237 0.393678
3 0.820379 0.500594 0.0361695 0.0713581 0.38651
3 0.580217 0.626795 0.0419112 0.0743806 0.381822
0 0.635908 0.685092 0.0392559 0.0793785 0.340625
