2 0.494703 0.594689 0.0870858 0.105671 0.841808
2 0.192187 0.714853 0.177471 0.15398 0.801571
2 0.28904 0.534794 0.101859 0.103596 0.5766
2 0.350791 0.568134 0.13118 0.15354 0.537313
0 0.570382 0.577052 0.0240194 0.0733759 0.495193
2 0.545031 0.472664 0.0546921 0.0648839 0.493228
2 0.472149 0.458349 0.0514076 0.0729988 0.46003
2 0.611508 0.45516 0.0245117 0.0343924 0.414985
2 0.419568 0.502597 0.0710166 0.0931947 0.411465
2 0.581689 0.427416 0.0367716 0.0324823 0.379874
0 0.667551 0.553728 0.0177963 0.0614611 0.370389
0 0.655961 0.684987 0.0360049 0.104534 0.363201
3 0.135394 0.638554 0.0624655 0.0839463 0.3041
