2 0.288427 0.438666 0.0963751 0.0524476 0.874711
2 0.79916 0.689076 0.182039 0.172398 0.822117
2 0.482157 0.393534 0.0492024 0.0388093 0.701543
2 0.432197 0.392482 0.0579199 0.0496889 0.651969
7 0.604097 0.617527 0.114784 0.223057 0.61001
2 0.615619 0.36576 0.0405464 0.0291006 0.604561
3 0.655315 0.460114 0.0212049 0.0502459 0.466516
2 0.691492 0.327422 0.0378188 0.0314789 0.465031
7 0.852315 0.614369 0.0892445 0.156173 0.430301
2 0.54562 0.367838 0.0240213 0.0312896 0.417704
3 0.664816 0.558797 0.0391212 0.0676259 0.407953
2 0.286995 0.69124 0.137924 0.0833124 0.377282
0 0.665424 0.555551 0.0386789 0.0697102 0.324591
0 0.655297 0.451618 0.0219438 0.0659873 0.308619
0 0.813216 0.482346 0.0311886 0.0568505 0.307002
