2 0.408003 0.735934 0.103677 0.119905 0.805812
2 0.26067 0.744549 0.11351 0.102392 0.732034
2 0.593258 0.718549 0.0989177 0.153176 0.65571
2 0.376657 0.525299 0.0596732 0.0870292 0.638305
0 0.513197 0.6819 0.0267177 0.0889975 0.627149
2 0.572417 0.575532 0.0659337 0.103266 0.533104
2 0.420024 0.440168 0.0395588 0.0566129 0.530044
2 0.695021 0.646317 0.102562 0.135187 0.526658
2 0.46796 0.428364 0.0351128 0.0545968 0.475171
2 0.565376 0.497019 0.0501701 0.0667393 0.454351
2 0.434138 0.594176 0.0876801 0.121964 0.416107
0 0.346137 0.729237 0.0317164 0.111121 0.387083
2 0.652286 0.536839 0.056873 0.0810506 0.381352
2 0.462828 0.498868 0.042866 0.0637098 0.365876
0 0.333081 0.625284 0.025386 0.0653898 0.337303
0 0.367137 0.613091 0.0265318 0.0736726 0.307337
