2 0.407928 0.45596 0.0864486 0.105445 0.840909
2 0.413694 0.39565 0.0812989 0.0686096 0.766588
2 0.839101 0.407504 0.100003 0.0710273 0.675713
0 0.245799 0.512536 0.02892 0.0907914 0.512716
0 0.370645 0.668344 0.0489858 0.106644 0.45282
2 0.748074 0.38845 0.0680424 0.0614879 0.436725
0 0.33159 0.757065 0.0558505 0.0802988 0.42922
0 0.439951 0.685984 0.0305904 0.0934451 0.424187
0 0.360848 0.665307 0.0296046 0.0997517 0.410912
0 0.436368 0.660411 0.035439 0.0969516 0.403054
0 0.344539 0.522789 0.0280879 0.0854791 0.389963
0 0.287979 0.49947 0.0228171 0.0678505 0.357431
2 0.826365 0.405987 0.0734886 0.0654082 0.30455
