2 0.493308 0.530859 0.0595233 0.0763064 0.809309
2 0.455077 0.398549 0.0291423 0.035625 0.768915
2 0.516912 0.46407 0.0515509 0.0604875 0.758831
0 0.42981 0.532182 0.018078 0.0583391 0.639728
2 0.587884 0.370111 0.0325787 0.0294514 0.602892
2 0.250641 0.386622 0.0362771 0.0355376 0.448985
2 0.553577 0.354221 0.0236594 0.0260552 0.40181
2 0.115291 0.584973 0.0243351 0.0758278 0.366317
2 0.419796 0.347292 0.0182295 0.0318165 0.354331
0 0.363506 0.544632 0.0210628 0.0648467 0.321931
0 0.340841 0.64493 0.0262537 0.0821656 0.320713
0 0.230744 0.443701 0.0211515 0.0520463 0.306226
