0 0.537449 0.760459 0.054105 0.0728454 0.690463
0 0.347484 0.525251 0.0244229 0.0778195 0.516635
2 0.455568 0.41112 0.0557165 0.060514 0.464725
5 0.535207 0.475777 0.0958994 0.11033 0.463833
3 0.347265 0.52834 0.024467 0.0723098 0.422778
3 0.630079 0.54467 0.0449835 0.0795197 0.409015
3 0.385661 0.489603 0.020902 0.0554939 0.385543
3 0.637437 0.55918 0.0306182 0.0496668 0.378156
3 0.696447 0.613936 0.0600881 0.0891255 0.350526
2 0.15224 0.740221 0.0982692 0.107964 0.344937
0 0.634776 0.489104 0.0270112 0.052845 0.317207
