2 0.372346 0.465699 0.0845651 0.127382 0.740092
2 0.27509 0.431902 0.0804767 0.093917 0.631489
2 0.427648 0.67895 0.151214 0.282545 0.590491
2 0.371407 0.367478 0.0507082 0.0689559 0.527841
0 0.259127 0.532412 0.0373755 0.0945224 0.526567
3 0.102348 0.477206 0.0745873 0.0651129 0.503587
2 0.312621 0.337873 0.0594348 0.0666188 0.465461
2 0.284777 0.426489 0.0598182 0.0819645 0.463657
2 0.713776 0.70542 0.239312 0.276735 0.369831
0 0.851506 0.777934 0.042646 0.168857 0.341758
3 0.260804 0.571298 0.0354566 0.0779536 0.322988
0 0.0952926 0.651708 0.0501448 0.146723 0.302383
2 0.0198555 0.770575 0.0352084 0.175846 0.300266
