2 0.405074 0.469336 0.114402 0.118916 0.864757
2 0.400845 0.650743 0.144661 0.187903 0.858551
2 0.185971 0.682559 0.165028 0.221855 0.791065
2 0.453558 0.387614 0.0664572 0.071016 0.695408
0 0.551146 0.748974 0.0397867 0.0933925 0.638266
0 0.674617 0.472152 0.020751 0.0583533 0.626116
2 0.539245 0.373437 0.0538376 0.0586737 0.550399
0 0.636273 0.528717 0.0268387 0.0672897 0.478614
0 0.573818 0.5713 0.0344073 0.0863612 0.462822
0 0.312579 0.742228 0.0709878 0.107316 0.357389
0 0.614298 0.42436 0.0188189 0.0442256 0.334658
0 0.175309 0.7752 0.055615 0.0431688 0.321353
3 0.646365 0.629774 0.0390389 0.0555235 0.307411
