2 0.781059 0.379096 0.0708662 0.0714194 0.793802
5 0.132041 0.362255 0.0572687 0.179222 0.657924
3 0.612597 0.497808 0.0666971 0.0576428 0.500892
0 0.61528 0.467798 0.027003 0.0602589 0.494727
0 0.203886 0.364177 0.020649 0.051406 0.43496
3 0.428847 0.398802 0.0492294 0.0399597 0.432456
0 0.148072 0.540006 0.0502624 0.0977507 0.344465
7 0.209893 0.283971 0.0439675 0.0560562 0.329417
0 0.745409 0.345912 0.0209036 0.0533323 0.324365
2 0.209437 0.284612 0.0430595 0.054927 0.319027
3 0.148721 0.558792 0.0539408 0.0808671 0.317008
3 0.608158 0.502317 0.0543424 0.0474791 0.314975
7 0.132262 0.361304 0.0580814 0.180405 0.311271
0 0.149524 0.528238 0.0423719 0.0747528 0.30737
