2 0.707025 0.514797 0.111547 0.0864884 0.839192
2 0.377911 0.3308 0.0619893 0.0293042 0.625059
2 0.642117 0.364345 0.0526745 0.0353193 0.624926
2 0.761106 0.447095 0.0541632 0.0561043 0.600608
2 0.736647 0.389916 0.0629818 0.0584018 0.561191
2 0.757201 0.344053 0.0244858 0.0376799 0.516065
3 0.131882 0.693107 0.0533471 0.079372 0.515366
3 0.344342 0.514157 0.0554229 0.0684402 0.514816
3 0.399901 0.762362 0.0741775 0.0706243 0.491388
3 0.206124 0.447623 0.0429652 0.0662109 0.484606
0 0.600529 0.760772 0.0507271 0.0693133 0.454706
3 0.591373 0.505368 0.0486208 0.0446988 0.453323
2 0.20217 0.342791 0.0672468 0.0572093 0.436295
3 0.162601 0.519391 0.0441264 0.0737009 0.434986
3 0.222428 0.722588 0.0684043 0.0927079 0.433724
3 0.859341 0.487385 0.0317925 0.0565246 0.409671
3 0.820438 0.554919 0.0365617 0.0630342 0.389928
0 0.343328 0.510428 0.0543968 0.0748203 0.378687
0 0.22087 0.6884 0.0549522 0.0871353 0.374006
3 0.207229 0.458005 0.0407616 0.0471617 0.314682
2 0.33378 0.327037 0.057575 0.0271244 0.310241
3 0.771691 0.54081 0.0454102 0.0595916 0.300524
