5 0.502576 0.538585 0.119224 0.217824 0.625799
0 0.298468 0.585483 0.0411954 0.0965263 0.602953
2 0.575011 0.372083 0.0372976 0.046893 0.571609
3 0.334603 0.627109 0.0478507 0.099444 0.558549
2 0.52623 0.36346 0.0315103 0.04443 0.534643
2 0.500235 0.411005 0.0504208 0.0528833 0.520453
3 0.403862 0.521064 0.0329258 0.0824734 0.473034
7 0.838548 0.594462 0.115027 0.198 0.41098
3 0.407793 0.536233 0.0247478 0.051414 0.405174
3 0.720923 0.361555 0.0253405 0.0358697 0.37097
0 0.258251 0.524633 0.0365148 0.0725947 0.346207
5 0.838912 0.595892 0.114159 0.194783 0.343836
3 0.2434 0.593645 0.0341947 0.0856279 0.312113
