2 0.689446 0.404834 0.0848056 0.0652406 0.877515
2 0.313185 0.473935 0.149896 0.0986479 0.870072
2 0.1412 0.486177 0.0765957 0.108098 0.854686
3 0.647136 0.594742 0.0734081 0.0678725 0.483709
2 0.738741 0.358611 0.0565117 0.0588216 0.461201
3 0.490795 0.569883 0.0861577 0.0680046 0.439061
0 0.578716 0.355563 0.0227499 0.054963 0.400183
2 0.729066 0.311998 0.0372851 0.0276228 0.362309
0 0.649107 0.560249 0.0495954 0.0726551 0.360081
0 0.643138 0.56864 0.0566113 0.0894343 0.322584
0 0.490526 0.530895 0.0260464 0.058812 0.321418
0 0.644265 0.557209 0.0320078 0.0648609 0.303874
