2 0.506654 0.717058 0.159295 0.158073 0.761222
2 0.154197 0.707965 0.100776 0.167539 0.747839
0 0.390776 0.759473 0.0439073 0.0728024 0.554575
2 0.670225 0.430133 0.103544 0.0540001 0.500667
3 0.850771 0.497183 0.0603603 0.0579201 0.464253
7 0.456597 0.35368 0.0868681 0.0716686 0.460725
0 0.718537 0.696333 0.0413465 0.102949 0.455504
0 0.63228 0.772522 0.0454292 0.0455212 0.430926
3 0.666462 0.74672 0.0371759 0.0606081 0.418238
3 0.42788 0.40977 0.0330631 0.0404154 0.404138
3 0.585311 0.625038 0.0331811 0.0493126 0.396217
0 0.504492 0.576251 0.0267578 0.0658735 0.389554
3 0.710082 0.477095 0.0546154 0.0569731 0.383521
0 0.587146 0.592126 0.0311101 0.0670015 0.379773
2 0.223175 0.401632 0.0695042 0.0368209 0.374924
0 0.68408 0.64484 0.0345724 0.0864351 0.345073
3 0.294377 0.523103 0.0337552 0.0448755 0.343339
2 0.223808 0.328187 0.059419 0.0351357 0.329718
3 0.505233 0.605601 0.0301748 0.0539399 0.324976
0 0.504633 0.585561 0.0304209 0.0831123 0.318301
