2 0.666614 0.448225 0.126204 0.0826327 0.845363
2 0.390646 0.432275 0.0720585 0.0873093 0.765441
2 0.392242 0.36052 0.0560313 0.0578015 0.733417
2 0.303813 0.327469 0.0374804 0.0417599 0.663001
2 0.617919 0.695107 0.20414 0.18725 0.648741
3 0.358821 0.572419 0.0363171 0.0987402 0.572289
3 0.44196 0.694723 0.0501927 0.152475 0.494016
0 0.235108 0.429012 0.022081 0.0693007 0.428721
0 0.360533 0.515675 0.0342135 0.101326 0.390359
3 0.304386 0.598728 0.0390493 0.104071 0.388504
3 0.234843 0.440512 0.0200456 0.0489204 0.352619
2 0.855236 0.408664 0.0744781 0.0681782 0.351997
0 0.442268 0.620882 0.0424247 0.154866 0.344892
3 0.305156 0.614121 0.0348024 0.0784155 0.300459
