2 0.679983 0.465239 0.103641 0.072874 0.853368
2 0.704332 0.358937 0.0280561 0.0359403 0.660882
7 0.317693 0.461632 0.146383 0.154904 0.550211
0 0.225313 0.670509 0.0444887 0.0941577 0.514619
0 0.534598 0.504825 0.0346245 0.0665395 0.490109
3 0.430196 0.472329 0.0321421 0.054164 0.48031
0 0.623475 0.775068 0.0412432 0.0398805 0.475221
3 0.229516 0.705538 0.0646123 0.102302 0.473759
5 0.318569 0.462539 0.14699 0.153131 0.36792
3 0.194942 0.582495 0.034312 0.0731914 0.348195
3 0.200893 0.574663 0.0465997 0.0857577 0.345726
2 0.584684 0.365645 0.0336113 0.0438836 0.334234
