2 0.706092 0.588842 0.0945574 0.109045 0.816315
2 0.42633 0.489039 0.0529943 0.0611377 0.769305
0 0.748628 0.708559 0.030052 0.0935548 0.681851
2 0.552657 0.42726 0.038529 0.0484001 0.649162
0 0.468627 0.503194 0.018652 0.0611936 0.5041
0 0.417819 0.738473 0.0348271 0.094064 0.487374
3 0.494439 0.449725 0.0218567 0.0410044 0.428244
3 0.300571 0.460537 0.0233569 0.0629601 0.416674
3 0.260816 0.496542 0.0247936 0.0494206 0.372913
0 0.486767 0.565852 0.0221553 0.060328 0.371627
2 0.480005 0.333794 0.0182529 0.0220481 0.349977
3 0.22075 0.617239 0.0408839 0.0572853 0.322052
3 0.373566 0.437908 0.019727 0.0235132 0.32036
