2 0.822266 0.735855 0.147295 0.115749 0.844169
2 0.380058 0.693529 0.122749 0.176793 0.731774
2 0.354722 0.496869 0.0639589 0.0677183 0.719231
2 0.436644 0.463171 0.0557026 0.0512278 0.687958
2 0.298809 0.420346 0.0380508 0.0395443 0.64116
7 0.528784 0.523375 0.113435 0.136104 0.549328
2 0.272476 0.373688 0.0240345 0.0250255 0.49018
2 0.24204 0.392922 0.0334754 0.0332736 0.461119
3 0.240142 0.639443 0.0261278 0.0612821 0.434107
2 0.64882 0.77423 0.110871 0.0387665 0.422553
3 0.223012 0.564667 0.0277049 0.0621281 0.350516
3 0.784945 0.584106 0.0476735 0.0656438 0.333781
0 0.866752 0.584358 0.0264391 0.0518636 0.316441
2 0.399825 0.435772 0.0352201 0.0324196 0.303807
