2 0.741208 0.401686 0.0731436 0.0605039 0.723858
2 0.607552 0.483648 0.117463 0.096927 0.703331
3 0.160521 0.481077 0.0777683 0.0699376 0.566279
3 0.413723 0.625702 0.0774932 0.0937258 0.565521
3 0.234953 0.759591 0.122449 0.0754285 0.487419
3 0.342521 0.618334 0.0673509 0.0695608 0.4077
3 0.684867 0.56619 0.0450766 0.0773852 0.379091
3 0.577459 0.642131 0.0576044 0.0762134 0.356739
3 0.488797 0.526894 0.0567506 0.0943908 0.347196
3 0.521437 0.62945 0.0633219 0.0724379 0.338019
0 0.527769 0.589528 0.0485229 0.0868257 0.323445
