2 0.632042 0.498101 0.117537 0.0621152 0.800245
3 0.435992 0.760833 0.111463 0.0709226 0.59332
3 0.17837 0.461326 0.0467487 0.0623474 0.426713
3 0.354401 0.546582 0.0417745 0.0777678 0.388999
3 0.414114 0.688448 0.0686127 0.0789753 0.388948
2 0.407927 0.329766 0.0404522 0.0269288 0.387392
2 0.214729 0.337377 0.0649548 0.0360828 0.377452
3 0.565845 0.745391 0.0898824 0.0673493 0.376379
3 0.454095 0.619456 0.043642 0.063734 0.371394
0 0.150402 0.732244 0.058046 0.0810479 0.35608
3 0.308561 0.615588 0.0551432 0.0740488 0.34417
2 0.799996 0.3675 0.0304922 0.039071 0.342298
0 0.418989 0.619059 0.041694 0.0968605 0.340982
2 0.576905 0.346954 0.0423776 0.0277189 0.331683
0 0.173431 0.397238 0.0191499 0.0463868 0.322113
3 0.258008 0.532447 0.0374939 0.074379 0.313235
0 0.305033 0.592882 0.0433606 0.0762937 0.308691
0 0.246589 0.729398 0.0378231 0.085841 0.303925
