2 0.571796 0.715242 0.107255 0.157782 0.827114
2 0.62061 0.5202 0.0571924 0.0831415 0.760486
0 0.487222 0.758485 0.0346298 0.0779247 0.631127
2 0.487595 0.424286 0.0352464 0.0484498 0.629059
2 0.447672 0.469911 0.0406147 0.0512445 0.58372
3 0.699641 0.620925 0.0305129 0.0692284 0.580051
2 0.556413 0.581459 0.0707534 0.10289 0.552349
2 0.469192 0.581425 0.0823427 0.125574 0.54046
2 0.6323 0.377562 0.041864 0.0363283 0.503931
0 0.3912 0.613697 0.0269179 0.0845984 0.478563
0 0.219171 0.772145 0.0334137 0.0493574 0.471223
2 0.472646 0.383858 0.0319483 0.034355 0.465195
2 0.444789 0.373143 0.0272215 0.0333104 0.45094
2 0.573142 0.387482 0.030558 0.037903 0.412239
2 0.554035 0.511633 0.0488299 0.0667527 0.384024
2 0.400979 0.461745 0.034609 0.0483189 0.343094
