2 0.624633 0.635191 0.148273 0.166587 0.879353
2 0.574102 0.477599 0.104795 0.103072 0.874229
2 0.496434 0.505677 0.108676 0.112752 0.823532
2 0.703121 0.583265 0.155017 0.161511 0.81917
2 0.430102 0.429443 0.0685258 0.0844217 0.781901
2 0.693013 0.501917 0.121604 0.105504 0.704155
2 0.302832 0.323843 0.0274653 0.0365074 0.663068
5 0.360739 0.314058 0.0879173 0.0779351 0.502951
0 0.718918 0.763036 0.0345703 0.0663653 0.495323
0 0.341333 0.41649 0.0181867 0.0515794 0.455545
0 0.386231 0.722231 0.0373136 0.111246 0.442151
0 0.386706 0.700297 0.036588 0.0676499 0.430845
0 0.308268 0.768016 0.0472089 0.0553957 0.42297
0 0.257583 0.672794 0.0417725 0.0895315 0.318826
0 0.586954 0.717437 0.0229471 0.0846324 0.316279
