2 0.353054 0.586516 0.134347 0.165235 0.845799
2 0.7761 0.715715 0.145873 0.158789 0.820471
2 0.825082 0.570269 0.109653 0.110903 0.81093
2 0.462373 0.447208 0.0698456 0.0798921 0.809513
2 0.559024 0.46994 0.0598097 0.0856904 0.784459
2 0.746708 0.418905 0.0625538 0.0579284 0.719218
2 0.429072 0.415758 0.0551334 0.0594648 0.635541
3 0.129902 0.663318 0.0541861 0.122092 0.514951
2 0.569407 0.401652 0.0407064 0.0532883 0.500291
2 0.542065 0.375288 0.0317568 0.0364783 0.491504
3 0.49498 0.737316 0.0538768 0.0932918 0.392372
0 0.441269 0.532655 0.0224873 0.0549931 0.370156
3 0.171477 0.574964 0.0420727 0.0723849 0.363749
0 0.576382 0.650906 0.0337541 0.060645 0.355541
1 0.171493 0.57783 0.0374421 0.0689031 0.327588
3 0.231263 0.653236 0.0581797 0.0907642 0.326824
