5 0.600505 0.6447 0.154259 0.241039 0.752388
2 0.604885 0.499402 0.0629017 0.0617211 0.748319
2 0.763323 0.609151 0.135431 0.113221 0.730295
2 0.870108 0.629513 0.051187 0.080585 0.725348
2 0.498048 0.491172 0.0484783 0.0625051 0.703034
2 0.417835 0.44243 0.0345978 0.04045 0.636294
2 0.469058 0.431495 0.036346 0.0360667 0.619622
2 0.533326 0.434008 0.0399123 0.0424035 0.618238
0 0.426111 0.731026 0.0328878 0.104804 0.52054
0 0.466488 0.584621 0.0210628 0.0610539 0.396457
0 0.386839 0.544514 0.0202467 0.0589022 0.384551
7 0.60109 0.644605 0.154847 0.241685 0.345195
0 0.426287 0.562964 0.0229956 0.057023 0.340344
0 0.669343 0.498745 0.0220755 0.0478567 0.333632
0 0.425913 0.709386 0.0335058 0.0641004 0.326198
