7 0.560353 0.367642 0.108478 0.0751429 0.635886
0 0.454267 0.505699 0.0215693 0.0676332 0.628074
7 0.419711 0.422854 0.121416 0.126799 0.582591
0 0.701225 0.653068 0.0406949 0.0931825 0.509436
3 0.754906 0.504623 0.026417 0.0520121 0.441485
0 0.704681 0.646035 0.032773 0.0807751 0.439602
3 0.481527 0.556971 0.0262395 0.0464965 0.417023
0 0.67926 0.754117 0.0468473 0.0823511 0.416592
2 0.73397 0.321306 0.027036 0.0289026 0.386498
3 0.44629 0.628688 0.0454183 0.0852559 0.378734
0 0.646955 0.650169 0.0334055 0.0961135 0.372408
3 0.6373 0.6779 0.03137 0.0594846 0.370068
0 0.70441 0.409805 0.0160268 0.0574903 0.34707
0 0.757547 0.454027 0.0181376 0.0362632 0.342595
3 0.709788 0.535821 0.0262819 0.0629069 0.342238
3 0.447337 0.644861 0.0418186 0.0523305 0.318126
0 0.648123 0.456293 0.0182703 0.0476527 0.304188
0 0.704957 0.391238 0.0151649 0.0498065 0.303275
