2 0.198274 0.677058 0.18631 0.218686 0.822434
2 0.517756 0.399532 0.0938656 0.07567 0.782998
2 0.337434 0.464715 0.137061 0.101757 0.776703
3 0.349239 0.726052 0.0987972 0.110347 0.709973
3 0.501024 0.693008 0.0700439 0.111171 0.56894
2 0.591609 0.370679 0.0625379 0.0530342 0.567439
0 0.359143 0.67501 0.0622054 0.106377 0.558991
3 0.170106 0.475603 0.0871789 0.0649136 0.455209
3 0.595457 0.561327 0.0806034 0.103705 0.446051
0 0.506821 0.651503 0.0505715 0.0978853 0.41253
0 0.201245 0.550012 0.0679856 0.0776174 0.372948
0 0.582203 0.509787 0.0387264 0.0879985 0.367084
3 0.341186 0.551141 0.063448 0.0690055 0.344055
3 0.40363 0.560312 0.0531668 0.0607807 0.334036
3 0.577692 0.568783 0.044133 0.0908384 0.308508
