2 0.629594 0.434577 0.0774241 0.0616384 0.837979
2 0.541017 0.436465 0.0683858 0.0670803 0.806072
2 0.265262 0.691883 0.11397 0.208047 0.683878
0 0.550363 0.745775 0.0472105 0.0992 0.61077
2 0.360684 0.39812 0.0564891 0.0687678 0.551749
2 0.391815 0.314595 0.0272573 0.0240828 0.51345
2 0.431343 0.368114 0.092818 0.060577 0.47683
0 0.358044 0.458244 0.0210778 0.0634811 0.4764
3 0.851107 0.416816 0.0517109 0.0625997 0.4681
0 0.322809 0.446084 0.0200812 0.0712366 0.457067
0 0.38819 0.5555 0.0301652 0.0919155 0.436446
3 0.44123 0.642941 0.0356999 0.0734846 0.425577
2 0.503823 0.406361 0.0450814 0.05429 0.405308
0 0.453643 0.744444 0.0414743 0.10244 0.38026
3 0.376836 0.646968 0.0456849 0.095607 0.374312
5 0.822114 0.680123 0.146005 0.227887 0.36576
2 0.307449 0.364648 0.0305127 0.0341768 0.333336
0 0.437313 0.599937 0.0337199 0.0607128 0.331314
2 0.267604 0.553817 0.0905608 0.13246 0.324029
2 0.372318 0.397753 0.0786211 0.0673929 0.316304
0 0.448764 0.427257 0.0255793 0.0486498 0.303055
