2 0.617899 0.581961 0.11966 0.101681 0.8102
2 0.340724 0.473025 0.0655099 0.0747006 0.807829
2 0.529735 0.464743 0.0724684 0.0651922 0.740175
2 0.304602 0.413278 0.0367081 0.0419941 0.640089
0 0.255744 0.752669 0.0470312 0.089036 0.621436
0 0.31478 0.634577 0.0342853 0.0959181 0.44807
3 0.795009 0.654319 0.074461 0.0795851 0.44608
0 0.293365 0.540066 0.0215774 0.0702166 0.418234
3 0.382689 0.698253 0.036681 0.0770051 0.411735
3 0.241386 0.637327 0.0241427 0.0746336 0.370215
2 0.354484 0.377607 0.0287093 0.0322607 0.360941
0 0.23816 0.521081 0.0221844 0.0621917 0.343423
3 0.293181 0.540224 0.0212812 0.0696239 0.339991
0 0.316059 0.65033 0.0292225 0.0750802 0.312335
3 0.586396 0.491245 0.0350972 0.0514692 0.308863
3 0.365032 0.588076 0.0323522 0.0779018 0.304506
