2 0.4393 0.583133 0.117206 0.140163 0.846252
2 0.46718 0.478632 0.0732852 0.0763205 0.748814
2 0.399556 0.405052 0.063077 0.0573408 0.625478
3 0.325541 0.604194 0.0673359 0.0858196 0.549692
3 0.347833 0.541879 0.0314667 0.0895576 0.430362
0 0.812635 0.387567 0.0219754 0.0532326 0.404569
3 0.381061 0.438057 0.0266902 0.0556829 0.40122
2 0.319359 0.30647 0.0389901 0.0376764 0.396075
2 0.297174 0.362111 0.05468 0.0664662 0.382661
2 0.292274 0.355197 0.0642982 0.0839384 0.326007
0 0.327166 0.596243 0.0442143 0.0802915 0.321908
3 0.479524 0.391753 0.0227372 0.0477156 0.300701
