2 0.170436 0.672368 0.133165 0.226526 0.853409
2 0.295568 0.659584 0.14957 0.226018 0.808993
2 0.370738 0.527334 0.0817433 0.126498 0.716938
2 0.515981 0.651544 0.117977 0.287956 0.633045
2 0.407462 0.436606 0.0489878 0.0628319 0.620735
2 0.439335 0.361542 0.0331019 0.0429708 0.558967
2 0.497458 0.477729 0.0533794 0.0638637 0.551136
2 0.479105 0.392744 0.0364304 0.0373967 0.528872
0 0.202992 0.546541 0.0211354 0.0399796 0.503198
2 0.495993 0.459245 0.054294 0.0979091 0.487545
0 0.238871 0.525754 0.0206995 0.0469341 0.476872
2 0.250348 0.422478 0.0707089 0.0819796 0.467289
2 0.617041 0.395146 0.0373161 0.0443114 0.460935
2 0.297009 0.389161 0.0533742 0.0491745 0.423236
5 0.171328 0.475029 0.113605 0.104403 0.401478
0 0.238575 0.534204 0.0224947 0.0622575 0.30749
