2 0.431117 0.706367 0.227052 0.170352 0.863345
2 0.60543 0.572141 0.148302 0.124601 0.760043
2 0.485459 0.524552 0.144764 0.14385 0.757185
0 0.36697 0.403055 0.0190358 0.0551563 0.558516
0 0.283489 0.430496 0.0218179 0.0549491 0.542787
2 0.852185 0.457097 0.084161 0.0843507 0.535858
0 0.428047 0.379556 0.02306 0.057856 0.463374
0 0.219889 0.446746 0.0220002 0.0669568 0.444188
2 0.300488 0.312419 0.0348365 0.0362339 0.425203
0 0.821264 0.50472 0.0413337 0.0810343 0.38142
0 0.572761 0.448357 0.0372137 0.0674845 0.361648
2 0.348648 0.315843 0.0365391 0.044257 0.325716
0 0.711693 0.503281 0.0491145 0.0705652 0.323062
0 0.259521 0.441787 0.0222976 0.0603178 0.3196
