2 0.336256 0.560722 0.0956496 0.129305 0.831713
2 0.679219 0.50497 0.0534652 0.0739122 0.773273
2 0.467144 0.439625 0.0494369 0.0803478 0.694044
2 0.143058 0.714841 0.0791278 0.154725 0.683329
5 0.718948 0.413823 0.0972586 0.107008 0.644978
2 0.217751 0.74681 0.174677 0.0944816 0.566586
2 0.473794 0.380075 0.0322806 0.0393311 0.549175
2 0.455619 0.631223 0.0946139 0.187353 0.511954
2 0.424665 0.341785 0.0295511 0.0349787 0.432549
2 0.397718 0.389838 0.0527255 0.0849729 0.397016
7 0.456213 0.630765 0.0958506 0.186644 0.337654
5 0.397452 0.388892 0.0529942 0.0824482 0.325531
2 0.441727 0.30187 0.0173477 0.0258135 0.32143
