2 0.83481 0.387747 0.0596981 0.0477734 0.599801
2 0.576468 0.727345 0.191576 0.136251 0.547382
7 0.358733 0.282579 0.0399605 0.0646891 0.473482
7 0.577013 0.725646 0.191995 0.135177 0.470578
7 0.377622 0.409877 0.0885022 0.149338 0.46271
7 0.481465 0.533407 0.123324 0.178345 0.424927
0 0.238059 0.714468 0.0430105 0.102804 0.398643
2 0.328779 0.365122 0.0407337 0.0662661 0.396169
2 0.481368 0.533923 0.122588 0.178608 0.381449
0 0.520433 0.468192 0.0296741 0.0671702 0.370892
3 0.235412 0.724982 0.12123 0.103707 0.364114
0 0.389594 0.728337 0.0373862 0.0600721 0.355708
3 0.854062 0.564817 0.0522152 0.0751105 0.302157
2 0.878419 0.369336 0.0386386 0.0437728 0.300863
