2 0.231588 0.672957 0.10781 0.118287 0.674347
3 0.733641 0.599039 0.0245335 0.0361937 0.492827
2 0.61635 0.430157 0.0427197 0.0629968 0.44274
2 0.546674 0.350911 0.021913 0.0242615 0.433228
3 0.814969 0.540734 0.0262937 0.0454766 0.431155
3 0.733309 0.590624 0.0250731 0.0473123 0.410821
3 0.667747 0.525293 0.0189632 0.0509525 0.382301
2 0.639208 0.379149 0.0343771 0.0325277 0.378803
3 0.868527 0.65303 0.0391838 0.0628743 0.355736
2 0.546066 0.34442 0.0235975 0.0386211 0.345297
2 0.611162 0.377774 0.0248263 0.0284107 0.337351
2 0.761301 0.367645 0.0406576 0.028848 0.332282
3 0.753383 0.522683 0.0346094 0.0371254 0.30937
