2 0.340344 0.530406 0.176855 0.112554 0.883514
2 0.619911 0.459688 0.127992 0.0802463 0.758515
3 0.68404 0.641151 0.0726193 0.0729413 0.489017
2 0.841267 0.410541 0.0877124 0.0647466 0.442351
0 0.577538 0.581093 0.0345401 0.093622 0.429556
3 0.157181 0.505856 0.0666508 0.0673656 0.428711
3 0.325289 0.666636 0.0957766 0.0845851 0.403731
0 0.861955 0.508017 0.0309752 0.0565053 0.369158
0 0.547079 0.668197 0.0404873 0.107794 0.358368
3 0.382808 0.757105 0.0638809 0.0812431 0.324236
0 0.271922 0.70175 0.0530836 0.115998 0.31862
0 0.740378 0.57455 0.0467863 0.0769281 0.30014
