2 0.489847 0.569875 0.053534 0.0906589 0.749294
2 0.530909 0.377986 0.020528 0.0213791 0.609114
2 0.481682 0.494485 0.0364987 0.0587894 0.54996
2 0.404139 0.534173 0.060121 0.077102 0.539152
0 0.587224 0.511421 0.0167732 0.0521825 0.456935
7 0.140324 0.688237 0.0722152 0.207049 0.455094
2 0.556991 0.67802 0.0810117 0.149845 0.414749
3 0.714831 0.687254 0.0296167 0.0632367 0.37628
0 0.564291 0.520894 0.0186832 0.0567887 0.372531
0 0.600887 0.581788 0.0237966 0.0635999 0.340186
3 0.416778 0.611959 0.0226285 0.0659997 0.338594
7 0.556899 0.67801 0.0798881 0.150908 0.336687
3 0.713702 0.67538 0.0329947 0.0861099 0.330955
0 0.435728 0.669618 0.0271206 0.0724365 0.320841
0 0.634515 0.583491 0.0230226 0.0641947 0.320358
