2 0.621243 0.513885 0.0700832 0.0901974 0.741586
2 0.57346 0.447836 0.0571551 0.0687345 0.648014
2 0.317329 0.764841 0.214593 0.0626682 0.616811
3 0.457226 0.447295 0.0187372 0.0509224 0.570003
3 0.290061 0.516235 0.0443283 0.0806739 0.520707
0 0.585533 0.588695 0.0372932 0.0948765 0.478712
3 0.413804 0.449908 0.0217173 0.0469896 0.456283
2 0.60873 0.399249 0.0311775 0.0351865 0.441905
0 0.681083 0.533155 0.0213581 0.0659996 0.363672
3 0.584847 0.624122 0.0384627 0.060984 0.347579
0 0.511261 0.387703 0.0129586 0.0349396 0.328269
0 0.50854 0.392603 0.0127297 0.0329144 0.31287
0 0.266813 0.427509 0.0199895 0.0448697 0.308455
