2 0.61218 0.464004 0.0876661 0.104351 0.775182
0 0.577415 0.674795 0.0495757 0.110762 0.663804
3 0.207405 0.730159 0.110704 0.13119 0.642886
2 0.589808 0.368414 0.0412629 0.0562987 0.635556
2 0.519147 0.451312 0.0959343 0.12762 0.591719
0 0.191718 0.701057 0.0665851 0.156595 0.57119
0 0.841973 0.666696 0.0592029 0.131582 0.485449
0 0.875164 0.660117 0.0391514 0.140044 0.471252
3 0.561955 0.725193 0.0601813 0.122112 0.452389
0 0.554929 0.586589 0.0462776 0.122565 0.425254
0 0.642468 0.68126 0.0471215 0.1363 0.412924
3 0.381256 0.577054 0.0470929 0.0867252 0.390053
0 0.435714 0.461022 0.0352482 0.085693 0.389433
0 0.63122 0.550451 0.0355663 0.0871929 0.373636
0 0.688411 0.639812 0.0396412 0.120406 0.352273
0 0.192743 0.67793 0.0634817 0.106885 0.350924
2 0.212399 0.313387 0.0431373 0.0308785 0.309678
