2 0.650182 0.481871 0.0578804 0.0605349 0.667301
2 0.262713 0.549265 0.0872293 0.0920977 0.613879
2 0.516648 0.483714 0.0406615 0.0517162 0.592012
2 0.385224 0.465508 0.0437963 0.0570181 0.588453
2 0.388345 0.3689 0.0274529 0.027995 0.456012
2 0.410881 0.340441 0.0244388 0.0305257 0.455031
2 0.584534 0.387859 0.0245021 0.0283508 0.441311
3 0.851809 0.674352 0.0406117 0.0573988 0.432082
2 0.633692 0.380203 0.030245 0.0293982 0.430094
3 0.729207 0.602154 0.02726 0.0330882 0.428786
2 0.33871 0.440259 0.0387106 0.0475323 0.401779
2 0.68519 0.567403 0.0266851 0.0578886 0.393661
3 0.685456 0.569837 0.0278339 0.0597213 0.364233
2 0.49935 0.338252 0.0208879 0.0301929 0.329408
2 0.780188 0.531272 0.0252372 0.0429882 0.309308
2 0.580319 0.385756 0.0190658 0.0280959 0.308065
