5 0.473327 0.470731 0.0890865 0.118467 0.602453
0 0.656195 0.752389 0.0393022 0.0868058 0.462842
3 0.224641 0.61888 0.0563226 0.0805038 0.460226
3 0.562693 0.497459 0.0212446 0.0643203 0.458555
2 0.516873 0.332082 0.0315672 0.0344172 0.438519
3 0.415183 0.412255 0.0192064 0.0378368 0.43411
3 0.371165 0.44167 0.0215131 0.0618391 0.430112
3 0.318781 0.481463 0.0264948 0.0675267 0.421058
3 0.349149 0.494539 0.0279881 0.0652262 0.419718
3 0.638427 0.543859 0.0227629 0.0778977 0.413383
3 0.430075 0.724645 0.0338489 0.0723022 0.407319
3 0.646795 0.450558 0.0173608 0.0551113 0.387215
3 0.617065 0.413391 0.0174102 0.0353332 0.383139
3 0.528475 0.54005 0.0328295 0.0751096 0.381903
0 0.556926 0.446195 0.0175984 0.0456816 0.367889
0 0.650303 0.753226 0.0303542 0.0831662 0.355182
0 0.532802 0.763831 0.0492388 0.0647136 0.344239
3 0.52688 0.552835 0.0291078 0.0544026 0.334599
3 0.348801 0.504965 0.0279243 0.0490428 0.327258
3 0.606418 0.481565 0.020637 0.0614257 0.32075
0 0.431859 0.683684 0.0371355 0.0848166 0.30912
