5 0.327203 0.655647 0.383401 0.272613 0.877018
2 0.551605 0.480554 0.0829723 0.0869197 0.758897
5 0.174393 0.660004 0.141151 0.26301 0.698711
2 0.365714 0.510223 0.134246 0.152156 0.616403
0 0.613841 0.554047 0.0263525 0.068927 0.537664
5 0.652319 0.395124 0.0765282 0.107604 0.430435
5 0.493386 0.395719 0.0826427 0.0994571 0.409514
2 0.610125 0.37799 0.0397177 0.041795 0.404714
3 0.253572 0.546263 0.0512094 0.0659646 0.399442
3 0.268572 0.463372 0.0273291 0.0648836 0.363775
2 0.564008 0.355209 0.058856 0.0567688 0.35094
2 0.354959 0.441576 0.105798 0.105693 0.347332
0 0.698653 0.518826 0.0231263 0.0570946 0.332131
3 0.211893 0.462763 0.0463213 0.0565179 0.306425
