2 0.520456 0.51644 0.0457695 0.0736887 0.789887
2 0.494748 0.406275 0.0246459 0.0352001 0.735977
2 0.661942 0.70988 0.122643 0.171119 0.730737
2 0.549376 0.464667 0.0420544 0.0507339 0.643168
2 0.53161 0.4182 0.0265504 0.0489775 0.60186
2 0.704424 0.577629 0.0264992 0.0348162 0.49869
2 0.879117 0.525775 0.031696 0.0332736 0.484877
0 0.463472 0.712554 0.0296711 0.0755269 0.433999
3 0.404579 0.611532 0.0208792 0.0488674 0.42364
2 0.507617 0.349372 0.021325 0.0267177 0.405665
7 0.14015 0.688389 0.0730494 0.205844 0.392276
0 0.554806 0.685932 0.0286198 0.0697857 0.344222
0 0.460741 0.547688 0.0169222 0.0473393 0.331062
1 0.554771 0.723541 0.0263035 0.0695547 0.328645
0 0.459522 0.553258 0.0156212 0.0476668 0.307745
