2 0.717907 0.426241 0.0821222 0.0479998 0.759231
2 0.376163 0.395585 0.0691763 0.0541146 0.721274
3 0.652698 0.449407 0.0454161 0.058361 0.680869
0 0.702777 0.625359 0.0376432 0.0890576 0.582534
2 0.423253 0.377807 0.0759451 0.0484184 0.580868
2 0.275521 0.373534 0.0820383 0.0556972 0.560828
3 0.495299 0.428973 0.0395985 0.0506374 0.559153
0 0.587283 0.591911 0.0285646 0.0725172 0.547605
3 0.506701 0.536373 0.0590791 0.0663506 0.508729
2 0.222892 0.402022 0.0715735 0.037418 0.506701
2 0.475748 0.372576 0.0678128 0.043616 0.486174
3 0.342976 0.671353 0.0669519 0.0834671 0.482058
3 0.578624 0.448764 0.0422883 0.051811 0.459444
3 0.719745 0.48444 0.0494409 0.0549688 0.45436
0 0.58659 0.60407 0.0305006 0.0941848 0.445617
3 0.82309 0.510831 0.0554731 0.0578367 0.408757
0 0.651438 0.610241 0.0334751 0.0821481 0.390469
0 0.824815 0.446767 0.0271363 0.0749944 0.372646
0 0.617087 0.639134 0.0343838 0.091963 0.364349
3 0.299731 0.460506 0.0258357 0.0594622 0.351706
3 0.569718 0.671687 0.0351753 0.0505132 0.312749
