3 0.696735 0.595989 0.0535704 0.086078 0.593338
2 0.680705 0.335851 0.0441999 0.0372964 0.581079
3 0.245471 0.737545 0.0841923 0.107032 0.472409
0 0.405255 0.685694 0.0625835 0.117281 0.435472
0 0.237949 0.737875 0.0705631 0.10343 0.435469
3 0.213615 0.500279 0.0675847 0.0831857 0.417775
3 0.413689 0.715002 0.0794288 0.105178 0.396309
3 0.52385 0.481575 0.0388446 0.0738327 0.390771
0 0.698275 0.566737 0.0462607 0.104805 0.370546
3 0.604327 0.383418 0.0227075 0.0500066 0.357624
3 0.117252 0.720835 0.027596 0.0572665 0.348157
3 0.441089 0.524111 0.0520917 0.0727124 0.332069
3 0.374491 0.439801 0.0474776 0.0720839 0.326647
2 0.766123 0.305336 0.0297024 0.0204568 0.308925
0 0.443544 0.504784 0.0377082 0.0664623 0.305943
