2 0.418164 0.443071 0.0602903 0.0625279 0.754014
0 0.481469 0.739724 0.0390123 0.102562 0.73297
7 0.584434 0.370503 0.0463671 0.0893581 0.587119
0 0.542544 0.60848 0.0265757 0.0886223 0.58182
3 0.24787 0.553442 0.0391265 0.0786374 0.558332
3 0.133144 0.610787 0.0586286 0.0922659 0.489455
3 0.624945 0.518619 0.0308352 0.0689671 0.480468
0 0.610062 0.62053 0.0392126 0.0909517 0.467856
3 0.301756 0.497369 0.0289484 0.0579488 0.374305
0 0.565471 0.457852 0.0184642 0.0549155 0.371207
0 0.432706 0.592647 0.0328174 0.0899011 0.317175
0 0.543641 0.518865 0.0230759 0.0638308 0.313202
7 0.866421 0.266086 0.0583011 0.106895 0.309851
