2 0.648344 0.478324 0.0980201 0.110664 0.807956
2 0.601899 0.56987 0.157406 0.158819 0.804816
2 0.309173 0.702766 0.157627 0.281451 0.787107
2 0.853433 0.738058 0.283691 0.257219 0.736228
0 0.0966929 0.790945 0.0781879 0.155697 0.563494
0 0.38401 0.490959 0.0336441 0.0826638 0.433608
2 0.543918 0.443319 0.117647 0.137482 0.429449
0 0.848325 0.554969 0.0600208 0.121915 0.415718
2 0.391361 0.387859 0.0497297 0.0652331 0.403209
2 0.600389 0.398719 0.0661647 0.0634831 0.394338
0 0.70708 0.450804 0.0305163 0.0905826 0.392929
7 0.465948 0.311816 0.0627571 0.099707 0.386658
0 0.242978 0.401095 0.0203717 0.0644012 0.351255
2 0.390841 0.397417 0.0495303 0.0447803 0.317037
