2 0.683352 0.473213 0.11917 0.074247 0.792907
2 0.137904 0.669133 0.0681402 0.156622 0.733125
2 0.375539 0.434731 0.06947 0.0702532 0.659514
2 0.815606 0.430862 0.0632297 0.059258 0.655874
2 0.724486 0.715576 0.158431 0.154514 0.605086
2 0.710039 0.32965 0.0251602 0.026478 0.540946
7 0.472995 0.728492 0.261752 0.127258 0.493259
2 0.784605 0.342836 0.0302088 0.0263814 0.471249
0 0.290943 0.498749 0.0310126 0.0666154 0.455317
3 0.280087 0.560144 0.0443219 0.0516062 0.42769
2 0.280892 0.347285 0.0204371 0.0205331 0.397034
3 0.704479 0.538967 0.0434242 0.0827694 0.302985
