2 0.776217 0.449577 0.0416707 0.0550405 0.689574
3 0.180677 0.677081 0.0625078 0.0831069 0.612287
7 0.65444 0.388779 0.0746285 0.0744389 0.530376
3 0.394284 0.620897 0.0378406 0.0846952 0.489177
3 0.577494 0.542429 0.0224531 0.0532141 0.482279
3 0.248893 0.741507 0.0720651 0.109179 0.467741
2 0.65588 0.503586 0.0602538 0.0806004 0.465121
2 0.662289 0.557195 0.0719484 0.0917506 0.454584
3 0.525164 0.762 0.0438745 0.0679532 0.451467
0 0.440245 0.675086 0.0381541 0.0995456 0.428275
3 0.732963 0.561767 0.0322403 0.0635605 0.407391
3 0.352597 0.708915 0.0502268 0.0885609 0.377133
2 0.745187 0.404471 0.0297502 0.0307728 0.361737
2 0.752827 0.37757 0.0230223 0.0184515 0.335386
2 0.788852 0.393952 0.0259848 0.0334174 0.324641
3 0.347811 0.719164 0.0402336 0.0702427 0.317923
3 0.555101 0.635536 0.0525233 0.0769272 0.314755
0 0.4504 0.722772 0.0464896 0.105314 0.313336
