2 0.552149 0.549106 0.0983248 0.0887759 0.8065
5 0.364834 0.381682 0.163498 0.0697539 0.684542
3 0.632413 0.640886 0.0576517 0.0939254 0.601221
2 0.520996 0.381816 0.0548988 0.0295397 0.545063
5 0.409687 0.379027 0.0736938 0.0642244 0.5355
3 0.744705 0.668284 0.071978 0.0890916 0.497686
5 0.3309 0.38236 0.0955701 0.0699582 0.459011
3 0.231754 0.409014 0.0337 0.0416769 0.456006
3 0.677104 0.600567 0.0516165 0.0632352 0.343707
58 0.83957 0.522576 0.0290211 0.0420701 0.332421
7 0.668108 0.331073 0.104859 0.134923 0.323731
