2 0.843063 0.587315 0.100371 0.124495 0.680218
3 0.242878 0.374123 0.0978883 0.0682734 0.636019
3 0.154245 0.479648 0.0561255 0.078327 0.608467
2 0.786767 0.366439 0.0530171 0.0425115 0.606177
3 0.494892 0.446301 0.0279266 0.0516006 0.546403
2 0.830477 0.346198 0.0355893 0.0316253 0.536684
3 0.687174 0.452969 0.0264426 0.0563608 0.517386
3 0.721248 0.596503 0.0330516 0.0682453 0.501486
0 0.753744 0.522437 0.0271582 0.0555601 0.420944
3 0.445379 0.389466 0.0275378 0.040326 0.407638
0 0.837233 0.428564 0.0203762 0.0456121 0.389729
0 0.754045 0.448044 0.0240885 0.0590013 0.383176
3 0.551916 0.620117 0.0378365 0.0837016 0.368743
3 0.344669 0.539873 0.0434041 0.046939 0.352973
0 0.711672 0.503626 0.0255855 0.0669122 0.349339
3 0.662648 0.706918 0.0572195 0.106453 0.32553
3 0.663764 0.581631 0.0325388 0.0774971 0.309756
