2 0.369276 0.442081 0.174727 0.125471 0.861025
2 0.177985 0.599128 0.1487 0.139116 0.780177
2 0.815857 0.405483 0.12562 0.0836978 0.718616
2 0.51066 0.383743 0.117383 0.0938056 0.683186
2 0.832444 0.338678 0.086974 0.0684867 0.589807
0 0.408859 0.572677 0.0744084 0.0896119 0.522162
3 0.747832 0.517382 0.0687771 0.0712701 0.468216
0 0.221337 0.688098 0.0449994 0.0588617 0.382489
3 0.747911 0.528129 0.0691378 0.0515639 0.349996
2 0.28021 0.238917 0.0351391 0.0321172 0.33958
0 0.22796 0.6884 0.0327984 0.0569714 0.310014
