2 0.410358 0.520342 0.0598229 0.0786346 0.739539
2 0.502594 0.462607 0.0476861 0.0770802 0.564262
0 0.578785 0.454879 0.014862 0.0465062 0.475685
0 0.372295 0.644847 0.0288814 0.112126 0.453964
0 0.373052 0.458254 0.0178395 0.050863 0.42179
0 0.519576 0.552328 0.0252312 0.0652125 0.394437
3 0.204035 0.577724 0.0378693 0.0933971 0.393582
3 0.406656 0.746923 0.0496863 0.0930421 0.372281
3 0.474381 0.650013 0.0386848 0.0741583 0.372134
0 0.447644 0.569707 0.0254021 0.0793385 0.36744
0 0.616054 0.447221 0.0127861 0.0409804 0.341943
0 0.304309 0.474729 0.0189577 0.0565652 0.317897
3 0.525149 0.618281 0.0301038 0.073531 0.300303
0 0.334384 0.458745 0.0159549 0.0513623 0.300302
