5 0.739125 0.485779 0.124661 0.14801 0.872961
2 0.613842 0.556326 0.0795637 0.0935821 0.848653
2 0.275654 0.668324 0.104224 0.1431 0.826981
2 0.394519 0.461374 0.0397338 0.0572036 0.748135
2 0.453154 0.487923 0.0451522 0.0750359 0.71918
2 0.589285 0.409342 0.0277589 0.034275 0.516603
0 0.205991 0.562798 0.0314657 0.0762638 0.458872
3 0.794305 0.688816 0.0490111 0.0869364 0.422672
3 0.880126 0.750826 0.0339979 0.0781155 0.392312
2 0.681126 0.41047 0.0164519 0.0232937 0.351406
3 0.682452 0.583044 0.0470373 0.0700849 0.339242
3 0.692459 0.583502 0.0288767 0.0636764 0.313202
