2 0.339694 0.691306 0.154039 0.192844 0.839414
2 0.38521 0.335998 0.0556423 0.0272746 0.64641
0 0.670537 0.62429 0.030419 0.0887668 0.598172
9 0.82421 0.448103 0.0258518 0.073296 0.524565
3 0.359852 0.573335 0.0332846 0.0521203 0.520517
3 0.484718 0.643369 0.0282099 0.0472702 0.509553
0 0.491101 0.599133 0.0284144 0.0641817 0.503299
3 0.53361 0.405472 0.0223168 0.0448209 0.403666
3 0.692517 0.42411 0.0203434 0.0454306 0.400637
0 0.489009 0.607941 0.0281461 0.08376 0.393532
3 0.660105 0.421768 0.0240572 0.0516089 0.372984
9 0.826737 0.441654 0.0226761 0.0626638 0.308066
