5 0.839715 0.491007 0.112874 0.186708 0.902307
2 0.662376 0.532588 0.126455 0.108708 0.818549
2 0.58136 0.576778 0.13421 0.164869 0.761944
0 0.59356 0.769441 0.0477943 0.0549934 0.659557
2 0.26812 0.693809 0.116753 0.204399 0.621932
2 0.571876 0.39415 0.0614357 0.0557362 0.584142
2 0.581636 0.322712 0.0247484 0.0311161 0.559258
2 0.373467 0.37325 0.0352914 0.0414111 0.545269
2 0.351036 0.41371 0.0445613 0.0573136 0.527115
2 0.388929 0.339013 0.0316725 0.0263185 0.486535
0 0.392684 0.529383 0.0242232 0.068803 0.477655
3 0.433434 0.687463 0.0338583 0.0708056 0.46769
2 0.303401 0.361446 0.0346579 0.0292881 0.435753
0 0.426696 0.629846 0.0345476 0.0594889 0.426915
2 0.343626 0.346071 0.0271388 0.0303742 0.407025
2 0.325954 0.32177 0.0270254 0.0327462 0.400329
0 0.48209 0.631859 0.0381097 0.0856558 0.375089
3 0.321145 0.540113 0.0258182 0.0635986 0.323651
3 0.486082 0.669883 0.0343967 0.0807807 0.310811
