2 0.280207 0.574062 0.211242 0.157257 0.89259
7 0.563973 0.5415 0.14815 0.155759 0.696345
2 0.810344 0.393005 0.0609621 0.0474796 0.584894
2 0.868236 0.368895 0.053616 0.0444167 0.500587
2 0.818453 0.453459 0.0910885 0.0729237 0.481856
2 0.608959 0.446194 0.105106 0.083684 0.478495
5 0.691612 0.474575 0.129809 0.138524 0.458084
2 0.739468 0.41401 0.0704729 0.0557864 0.424465
0 0.610943 0.730668 0.0496617 0.111776 0.411187
3 0.398461 0.617189 0.0573405 0.0815643 0.400895
3 0.385851 0.47649 0.0512618 0.0684216 0.377823
3 0.801069 0.564634 0.0463983 0.0795354 0.375657
2 0.382703 0.326635 0.0399331 0.0554593 0.363623
3 0.713817 0.576283 0.0499151 0.0812261 0.350109
3 0.614006 0.754521 0.0547667 0.0794925 0.326779
