2 0.259044 0.58717 0.0925365 0.0910245 0.728343
2 0.492039 0.377825 0.0232081 0.0263576 0.617856
2 0.463698 0.362124 0.0273216 0.0279753 0.602213
2 0.365546 0.41414 0.0361129 0.0371955 0.542007
2 0.638727 0.38026 0.0325357 0.0294255 0.474039
3 0.764603 0.669385 0.0329454 0.0460695 0.467069
2 0.413411 0.34059 0.0162422 0.0158986 0.397314
2 0.421038 0.395369 0.0321091 0.0470217 0.384515
3 0.66516 0.513317 0.0195971 0.0471474 0.325205
2 0.761228 0.368222 0.039266 0.0236778 0.323232
0 0.756337 0.653436 0.0189419 0.0584683 0.30113
