2 0.278151 0.723753 0.134524 0.144156 0.704148
2 0.459075 0.477395 0.0414352 0.0578028 0.615692
2 0.368361 0.416966 0.0377575 0.0423568 0.571068
2 0.40198 0.36618 0.0271972 0.0230826 0.569851
0 0.407325 0.521135 0.0165628 0.0464549 0.425647
3 0.761428 0.547793 0.0245574 0.0443015 0.350082
0 0.688248 0.481126 0.0136366 0.033812 0.334021
3 0.790474 0.63434 0.0289913 0.061371 0.319314
3 0.668666 0.513526 0.0208174 0.0478847 0.316658
2 0.792653 0.545047 0.0247788 0.0471758 0.304923
3 0.83188 0.571125 0.0256706 0.031959 0.304235
