2 0.286024 0.470075 0.103718 0.0646833 0.838475
3 0.370957 0.46043 0.0324376 0.0481503 0.56219
9 0.732279 0.276946 0.0126337 0.0478355 0.465025
0 0.825738 0.76412 0.0401357 0.0649727 0.453281
3 0.507069 0.407844 0.0188629 0.035692 0.428854
3 0.147423 0.532689 0.0616632 0.0579274 0.42375
3 0.476006 0.413167 0.025938 0.0346085 0.386648
2 0.570727 0.387872 0.0203243 0.0274052 0.385725
2 0.241894 0.397606 0.0464017 0.0335561 0.349095
3 0.610163 0.451619 0.0162966 0.0410576 0.347957
9 0.732595 0.269549 0.0116939 0.03556 0.345386
3 0.437118 0.445597 0.0273731 0.0452611 0.338121
3 0.230591 0.511986 0.0533377 0.0587363 0.319844
0 0.806465 0.699517 0.0526234 0.10064 0.316602
