2 0.346175 0.762808 0.196726 0.0615823 0.723146
2 0.662876 0.369256 0.0250665 0.0206267 0.507776
2 0.63791 0.440335 0.0433798 0.0512932 0.448802
0 0.643351 0.516925 0.0227831 0.0747206 0.402309
3 0.425149 0.450592 0.023534 0.0425732 0.39547
2 0.584531 0.363322 0.033225 0.0280084 0.370929
3 0.249542 0.504064 0.0599455 0.0895011 0.368986
0 0.368392 0.452878 0.0251082 0.0550668 0.338963
0 0.436951 0.410777 0.0154205 0.0388295 0.331905
3 0.367097 0.454795 0.0258007 0.0561371 0.33023
0 0.527387 0.378817 0.0103384 0.0290915 0.31567
