2 0.622685 0.635008 0.250128 0.228254 0.925079
2 0.416555 0.701732 0.199548 0.18736 0.879036
2 0.439903 0.527801 0.139643 0.124024 0.872462
2 0.228073 0.555602 0.119021 0.122407 0.872088
2 0.321001 0.478819 0.104519 0.0986802 0.842835
7 0.163202 0.39244 0.0922597 0.0947658 0.607444
2 0.84783 0.313612 0.0534573 0.0486449 0.548944
2 0.117713 0.412751 0.0291193 0.0575532 0.480467
5 0.787523 0.286596 0.0864069 0.0889062 0.329307
2 0.790222 0.316363 0.0489439 0.0421029 0.328994
0 0.65816 0.350088 0.0159218 0.0439752 0.303573
