2 0.327628 0.626607 0.112852 0.139255 0.871239
2 0.200042 0.623812 0.135694 0.14412 0.859147
2 0.81048 0.726377 0.16843 0.1372 0.804319
2 0.386971 0.52154 0.0641709 0.0845861 0.797874
2 0.714772 0.455029 0.0578074 0.063612 0.738186
2 0.137169 0.538187 0.0665574 0.11554 0.727287
2 0.225904 0.50429 0.0727215 0.0957762 0.637616
2 0.173174 0.492396 0.0649078 0.0682239 0.628017
2 0.209086 0.779468 0.0980936 0.0296917 0.62716
2 0.118947 0.644631 0.0316988 0.0972198 0.55819
2 0.546689 0.386436 0.0410229 0.0383799 0.528338
2 0.261498 0.435375 0.0440389 0.0531687 0.51964
2 0.814201 0.44815 0.0538786 0.0616127 0.512835
2 0.291544 0.512341 0.0921575 0.139012 0.489261
2 0.214294 0.425558 0.0501646 0.0523466 0.463658
2 0.363584 0.444909 0.0513288 0.0577401 0.417741
2 0.790235 0.36186 0.0293108 0.0342628 0.340483
