2 0.498789 0.458161 0.0532678 0.0630785 0.783793
2 0.805059 0.750381 0.183597 0.0893785 0.768482
2 0.405537 0.436445 0.0582429 0.0529188 0.753867
2 0.294095 0.530409 0.112776 0.122121 0.743172
2 0.484106 0.382883 0.0351236 0.0351343 0.704904
0 0.525871 0.485756 0.0176277 0.0515709 0.498008
3 0.527669 0.541239 0.0216415 0.0593128 0.478721
3 0.449721 0.638208 0.0292235 0.0896111 0.45339
3 0.308686 0.44482 0.023223 0.0521265 0.397575
0 0.449524 0.637213 0.0298198 0.0905532 0.334021
3 0.154312 0.534703 0.0470008 0.056889 0.332996
0 0.308535 0.445328 0.0231996 0.0542053 0.311468
