5 0.529332 0.468558 0.1407 0.123733 0.842683
2 0.442367 0.645925 0.099582 0.149537 0.838523
2 0.645522 0.570969 0.105565 0.0890178 0.825848
2 0.412002 0.469706 0.0535913 0.0727704 0.794735
2 0.440324 0.378686 0.031528 0.0346991 0.724953
2 0.682586 0.533635 0.0932819 0.0725574 0.684912
2 0.638441 0.757462 0.134296 0.0787858 0.621618
0 0.30824 0.749284 0.0420309 0.0957144 0.601356
0 0.402226 0.756672 0.0414438 0.0780005 0.597562
2 0.866425 0.765266 0.0583065 0.0596514 0.516815
2 0.392779 0.364292 0.0250962 0.0330445 0.494094
3 0.27879 0.600681 0.0245427 0.0678494 0.460991
0 0.278377 0.496112 0.016517 0.0514001 0.448392
3 0.307985 0.77184 0.0431929 0.0521828 0.425011
3 0.308398 0.755255 0.0428671 0.0862315 0.389578
0 0.318601 0.581361 0.0256573 0.0724873 0.359097
3 0.320339 0.60717 0.0260299 0.0463196 0.352734
0 0.355764 0.684913 0.0344806 0.102767 0.339448
2 0.390929 0.357908 0.0249038 0.0369051 0.330555
3 0.313774 0.506638 0.0179433 0.0582749 0.321005
3 0.319571 0.594006 0.0269875 0.0689845 0.318914
0 0.313114 0.502992 0.0182374 0.0543994 0.312203
