3 0.624874 0.426383 0.0506067 0.055346 0.536308
2 0.635204 0.330021 0.0485403 0.0446496 0.532601
0 0.635776 0.651459 0.0609402 0.107995 0.528266
2 0.47973 0.391838 0.105485 0.0728013 0.481418
3 0.87144 0.449156 0.0489116 0.0691423 0.409567
3 0.629291 0.69795 0.0555868 0.0818795 0.407031
3 0.383291 0.409793 0.0524701 0.0607234 0.322131
0 0.771654 0.479881 0.0388356 0.12469 0.321938
3 0.516092 0.424061 0.0519087 0.0607862 0.309845
3 0.325511 0.396802 0.0573117 0.0514694 0.308455
3 0.690457 0.436016 0.0497301 0.0564274 0.307929
