2 0.474944 0.645236 0.121994 0.150598 0.882814
2 0.26005 0.594002 0.161483 0.16989 0.86442
2 0.403309 0.468457 0.0843964 0.0954706 0.67644
3 0.297365 0.469087 0.0372257 0.0501808 0.51151
3 0.646365 0.629293 0.0365032 0.0920799 0.473745
2 0.554115 0.365327 0.0364103 0.0407098 0.444691
3 0.602534 0.567376 0.0340736 0.0671236 0.44466
3 0.245576 0.509684 0.0471481 0.0613647 0.425896
3 0.355943 0.455853 0.0322257 0.0712535 0.391585
3 0.297596 0.4583 0.0372556 0.0726249 0.362075
0 0.611918 0.431524 0.0184551 0.049418 0.334885
0 0.647049 0.625877 0.0373401 0.0914446 0.332678
3 0.168762 0.522481 0.0545679 0.0692338 0.304171
