0 0.771961 0.743109 0.0323692 0.102391 0.703155
2 0.570609 0.446912 0.0580155 0.0538656 0.563421
2 0.655608 0.408462 0.0633989 0.0410658 0.473608
0 0.394933 0.528562 0.0227931 0.0704231 0.472374
2 0.51852 0.598879 0.106996 0.159747 0.466673
2 0.418407 0.372022 0.0341532 0.0408504 0.42836
0 0.430717 0.494326 0.0208549 0.0451669 0.413473
2 0.388645 0.678258 0.0615219 0.0773068 0.380612
7 0.518352 0.601421 0.106616 0.160364 0.374481
2 0.507353 0.383579 0.0417078 0.0439012 0.344259
2 0.865675 0.648998 0.0602802 0.0841323 0.333476
