5 0.236987 0.399818 0.12543 0.145807 0.897298
2 0.828931 0.69921 0.136542 0.189531 0.869189
2 0.305682 0.714146 0.147341 0.162905 0.727895
2 0.732901 0.47766 0.0816794 0.0947106 0.69363
2 0.123238 0.492256 0.0385938 0.0920528 0.669931
2 0.142117 0.437917 0.0745281 0.0689911 0.626833
5 0.516502 0.637511 0.118157 0.289273 0.561811
2 0.444968 0.34694 0.035524 0.0470952 0.430817
5 0.302877 0.314342 0.0536861 0.0627201 0.414602
2 0.331539 0.352903 0.0384677 0.0368446 0.390154
3 0.846872 0.527441 0.0353586 0.0499969 0.351436
2 0.359098 0.333499 0.0306777 0.0363522 0.333525
2 0.365694 0.543212 0.100727 0.148868 0.318033
2 0.429446 0.377441 0.036857 0.0266922 0.309732
