2 0.616968 0.488851 0.077104 0.0717321 0.868793
2 0.652465 0.378296 0.0497225 0.0459302 0.814306
2 0.491499 0.458984 0.0664764 0.0801713 0.810862
2 0.621227 0.63077 0.132253 0.173255 0.762936
2 0.429693 0.390101 0.0352913 0.0401396 0.668238
0 0.586207 0.758431 0.0503082 0.0790724 0.596765
2 0.472451 0.36302 0.0355133 0.0357063 0.552859
2 0.377966 0.376433 0.0308409 0.0436683 0.545641
2 0.425364 0.340012 0.0266488 0.0254543 0.439057
2 0.4313 0.477046 0.0233564 0.0650027 0.412752
2 0.379482 0.38376 0.0303766 0.0275156 0.391881
0 0.42477 0.569508 0.0301664 0.0892698 0.380648
3 0.674583 0.463782 0.0237992 0.0510933 0.379992
3 0.425971 0.591881 0.0279666 0.0553069 0.368647
0 0.179332 0.59876 0.0371151 0.0891866 0.353633
0 0.584198 0.423164 0.0166919 0.0414353 0.336763
3 0.720505 0.516666 0.0362054 0.0546946 0.329027
3 0.431571 0.478731 0.0240929 0.0656955 0.320282
0 0.618951 0.434607 0.0167026 0.040135 0.306851
