2 0.275175 0.441392 0.0509661 0.0491704 0.799414
2 0.779082 0.34094 0.0399039 0.0278465 0.698298
0 0.48996 0.771944 0.0403451 0.0493014 0.64963
2 0.301516 0.374262 0.0332632 0.0343839 0.630312
0 0.155414 0.445675 0.0171959 0.0403002 0.574035
0 0.139971 0.694017 0.03322 0.116063 0.520452
2 0.649858 0.359596 0.0638988 0.0347791 0.515594
2 0.119135 0.356114 0.0286905 0.0212899 0.495539
3 0.730829 0.474466 0.0495609 0.0502001 0.45508
3 0.675112 0.481153 0.0504518 0.0550473 0.452812
2 0.420785 0.363921 0.0500095 0.0308053 0.447778
3 0.227673 0.429859 0.0237634 0.0388152 0.43405
2 0.385364 0.342963 0.0330833 0.0320567 0.380466
3 0.459832 0.460218 0.0336023 0.0530747 0.360296
2 0.780612 0.345805 0.0410406 0.0353596 0.344617
0 0.592808 0.457558 0.0305079 0.0466708 0.333258
2 0.735249 0.364368 0.0284439 0.0269849 0.323947
0 0.445635 0.42515 0.0162431 0.0434421 0.312862
2 0.796553 0.429471 0.0611722 0.0339101 0.304669
