2 0.667559 0.704616 0.174209 0.179447 0.731915
2 0.475017 0.392484 0.0340032 0.0338488 0.690158
2 0.420933 0.386214 0.0272783 0.0366419 0.671891
2 0.443334 0.360384 0.0238588 0.0280397 0.54141
2 0.346761 0.381314 0.0361381 0.0473879 0.517212
5 0.177681 0.354153 0.118275 0.117465 0.507656
2 0.794666 0.442484 0.0571096 0.0603046 0.470538
0 0.343147 0.625344 0.0223904 0.0664736 0.448596
5 0.579513 0.514275 0.0941958 0.137465 0.422171
2 0.721059 0.402367 0.0376322 0.0368086 0.42186
2 0.277217 0.397588 0.0388281 0.049241 0.379156
2 0.555288 0.354462 0.0243902 0.0211859 0.363141
0 0.319989 0.50504 0.0202974 0.0491639 0.357032
0 0.315356 0.464673 0.0135233 0.040459 0.352103
7 0.579267 0.513601 0.0952041 0.138996 0.342352
0 0.257033 0.463825 0.0131929 0.0417178 0.300592
