2 0.597152 0.381696 0.0290549 0.0363477 0.775773
2 0.475396 0.43286 0.0377918 0.0515859 0.732204
3 0.164338 0.698816 0.0798535 0.126768 0.674897
0 0.668182 0.535382 0.020052 0.0730714 0.639991
2 0.445729 0.398229 0.0449352 0.037427 0.558435
2 0.51262 0.398937 0.0434212 0.0506811 0.549421
3 0.623649 0.573887 0.0196362 0.0477472 0.469791
3 0.623678 0.563919 0.0204531 0.0662128 0.468364
0 0.568255 0.480066 0.0144249 0.0518655 0.460366
2 0.607214 0.317711 0.0200112 0.0264643 0.404615
0 0.597748 0.482198 0.0162015 0.0443392 0.350361
3 0.406647 0.53237 0.0246848 0.0424145 0.342586
2 0.558941 0.326117 0.0376052 0.0196012 0.326812
3 0.315165 0.618793 0.0359844 0.0695011 0.325376
0 0.285226 0.564427 0.0307648 0.0590479 0.319449
