2 0.467437 0.396869 0.147128 0.103359 0.867711
2 0.792974 0.342863 0.108957 0.0760649 0.780254
3 0.514318 0.610214 0.0777021 0.084562 0.591891
3 0.333308 0.65379 0.102924 0.0903572 0.574261
0 0.325405 0.638937 0.069773 0.0972996 0.489115
2 0.139306 0.58911 0.0720109 0.170038 0.465935
3 0.565083 0.346522 0.04084 0.0570448 0.448543
0 0.405263 0.367481 0.0511897 0.064972 0.423971
2 0.287931 0.239537 0.0370664 0.0421739 0.417568
0 0.621235 0.508922 0.0610359 0.0882297 0.402641
3 0.204721 0.755723 0.11619 0.0817774 0.397481
3 0.743851 0.457777 0.0526781 0.0584956 0.394906
0 0.749739 0.443734 0.0404314 0.068036 0.390517
0 0.370868 0.252037 0.0164502 0.0395835 0.367838
2 0.873246 0.335194 0.0469076 0.0773907 0.33854
0 0.492739 0.511889 0.0463597 0.0615398 0.311163
0 0.4938 0.524882 0.0533281 0.0874888 0.310556
0 0.5108 0.599626 0.0667819 0.103878 0.308265
2 0.873498 0.322727 0.0472626 0.0552026 0.306896
