5 0.661902 0.393462 0.111312 0.120483 0.869895
2 0.243686 0.700991 0.160973 0.194958 0.787842
2 0.136387 0.457199 0.0659075 0.057189 0.73977
2 0.205789 0.394772 0.029231 0.0305812 0.5544
0 0.666451 0.496648 0.0236069 0.0615907 0.548552
3 0.337344 0.509888 0.0238955 0.0700324 0.45418
0 0.716859 0.493281 0.023703 0.0599777 0.442516
3 0.174194 0.61232 0.0469217 0.0733454 0.418852
3 0.849605 0.580054 0.0401474 0.0664763 0.392575
3 0.268526 0.511041 0.0273053 0.0695881 0.382409
3 0.73311 0.607512 0.0289087 0.051432 0.381274
3 0.199951 0.542656 0.0417848 0.0686362 0.346041
3 0.168063 0.616269 0.0341608 0.0667821 0.339292
2 0.739864 0.317745 0.0222029 0.0223575 0.325904
3 0.716583 0.496239 0.0240837 0.0614986 0.312352
3 0.875781 0.692371 0.0424041 0.0917668 0.302918
0 0.876239 0.679794 0.041724 0.107468 0.301428
