2 0.839283 0.60747 0.114492 0.127472 0.750751
2 0.459319 0.444154 0.0441513 0.0718144 0.715055
2 0.411792 0.38421 0.0360856 0.0470929 0.6975
2 0.337355 0.57922 0.0916422 0.131639 0.689754
2 0.471145 0.370455 0.0299906 0.0457982 0.657371
2 0.670881 0.427923 0.0511768 0.0561767 0.645156
2 0.472395 0.567518 0.0745085 0.127178 0.569302
2 0.470701 0.309709 0.0224797 0.0392454 0.48046
2 0.168626 0.476007 0.112807 0.106043 0.477406
2 0.290862 0.333322 0.0351782 0.0364401 0.463209
2 0.492097 0.776415 0.108056 0.0372785 0.453962
2 0.312565 0.351378 0.0389159 0.0443603 0.435092
2 0.739519 0.41894 0.0361718 0.0421998 0.412376
3 0.273865 0.53167 0.0311212 0.0567629 0.405965
3 0.273305 0.52077 0.031739 0.07585 0.370782
2 0.400559 0.297246 0.0243031 0.0226951 0.316668
