2 0.536784 0.492628 0.0616663 0.0536502 0.799775
2 0.430617 0.486986 0.0673931 0.0781989 0.78691
2 0.380859 0.406078 0.0353389 0.0487375 0.653404
2 0.477179 0.406945 0.0285378 0.0271754 0.582954
0 0.28367 0.717476 0.0362306 0.0914709 0.569495
7 0.853381 0.64365 0.0876444 0.17308 0.546803
2 0.430269 0.403448 0.0359988 0.0363159 0.539793
3 0.340974 0.756176 0.0518316 0.076297 0.537448
7 0.646236 0.565193 0.108709 0.133054 0.503303
5 0.751166 0.569513 0.110645 0.11204 0.458576
3 0.265859 0.626449 0.0366956 0.0555757 0.427424
0 0.394871 0.650956 0.0309674 0.0966853 0.412849
2 0.343537 0.37636 0.0261054 0.0381139 0.384351
3 0.275433 0.752889 0.050322 0.0821419 0.372283
3 0.481808 0.661 0.032007 0.0603527 0.366282
3 0.347223 0.575126 0.0246666 0.0524683 0.365531
0 0.482118 0.618656 0.0302042 0.0540935 0.36113
2 0.307102 0.379704 0.0250601 0.0258602 0.358171
7 0.751046 0.569738 0.110388 0.113345 0.350594
3 0.442127 0.700599 0.0308931 0.0706992 0.339222
