2 0.359167 0.48793 0.138425 0.0798678 0.82674
2 0.211789 0.453769 0.0897298 0.0821051 0.801536
2 0.543777 0.498427 0.13174 0.065975 0.743133
2 0.658386 0.524126 0.117818 0.0821756 0.710124
2 0.809824 0.484119 0.0791858 0.0649108 0.620661
2 0.152241 0.485516 0.0987413 0.0838799 0.590993
7 0.242016 0.642483 0.0912528 0.177203 0.503611
2 0.20299 0.356239 0.0509873 0.042096 0.499148
2 0.159765 0.410153 0.0575345 0.0661947 0.495078
3 0.365789 0.683145 0.0828319 0.0874979 0.490617
3 0.33521 0.542754 0.0693053 0.0653167 0.431752
3 0.791325 0.762597 0.0758475 0.0682551 0.397022
0 0.356042 0.678585 0.0597809 0.0979666 0.341777
2 0.666875 0.477975 0.0947666 0.0503152 0.340819
2 0.84802 0.560322 0.0949201 0.0987948 0.337776
3 0.441571 0.611074 0.0594168 0.0687071 0.336668
2 0.840119 0.467851 0.0773899 0.0593222 0.314094
