2 0.272054 0.596873 0.230957 0.241116 0.87369
2 0.851174 0.555828 0.090036 0.141232 0.773659
2 0.520828 0.428849 0.130667 0.100656 0.72977
2 0.684365 0.510239 0.144822 0.152259 0.610848
3 0.473344 0.523596 0.0472716 0.0751351 0.535088
2 0.779765 0.335676 0.106351 0.0592871 0.530902
3 0.436067 0.423915 0.0770378 0.089035 0.52341
3 0.561716 0.459169 0.051482 0.0954922 0.43644
0 0.308056 0.723514 0.0920182 0.134693 0.42481
3 0.423934 0.426282 0.0519211 0.0859993 0.345595
0 0.55587 0.44518 0.0351542 0.11961 0.331846
