2 0.51774 0.638784 0.141459 0.137371 0.865961
2 0.33256 0.367585 0.077105 0.0485261 0.796993
7 0.620759 0.336142 0.0676963 0.073327 0.628798
2 0.727116 0.366022 0.0538763 0.0375026 0.623282
0 0.697365 0.467949 0.024837 0.0617039 0.538181
2 0.785992 0.418212 0.0652223 0.069589 0.508587
3 0.135021 0.666969 0.0631698 0.100643 0.500964
7 0.581938 0.486364 0.109396 0.131517 0.462304
2 0.877526 0.353829 0.0361596 0.0389118 0.416629
0 0.537977 0.349678 0.0156909 0.0390819 0.412105
3 0.434837 0.371361 0.0281597 0.0399173 0.340409
3 0.722033 0.589948 0.0339028 0.0674466 0.321426
