2 0.53803 0.563031 0.0920616 0.11249 0.832978
0 0.618556 0.483643 0.0206741 0.0622496 0.5397
3 0.529223 0.766247 0.0388674 0.0589769 0.530236
0 0.533024 0.727035 0.0347784 0.0950287 0.465424
0 0.623835 0.591058 0.0277041 0.0800951 0.436089
0 0.596286 0.747838 0.0372588 0.100105 0.420954
3 0.472463 0.477136 0.0274382 0.0590927 0.407651
0 0.572072 0.651461 0.03466 0.082724 0.401957
0 0.677525 0.724034 0.0388992 0.087922 0.361187
3 0.44565 0.402224 0.0181835 0.0392888 0.356451
3 0.59435 0.771939 0.0373701 0.0518223 0.344428
0 0.705203 0.493526 0.0195648 0.052452 0.317134
0 0.237689 0.454666 0.026977 0.0693385 0.305734
