2 0.58906 0.547091 0.0798371 0.0857626 0.84396
2 0.16816 0.648086 0.129962 0.199961 0.727543
2 0.481421 0.374848 0.0385485 0.0400222 0.632901
0 0.453022 0.544651 0.0215158 0.071068 0.62238
0 0.511073 0.53556 0.0284787 0.0719656 0.483741
0 0.752605 0.501005 0.0199906 0.0548246 0.475284
3 0.494569 0.632483 0.0347319 0.0905128 0.409162
0 0.587022 0.626147 0.0280262 0.0794266 0.39201
2 0.53051 0.380833 0.0291237 0.0410583 0.381738
0 0.440862 0.36518 0.0201439 0.065971 0.374752
3 0.457876 0.554367 0.0326197 0.054414 0.322064
2 0.546068 0.417676 0.0378224 0.0431798 0.31971
0 0.628866 0.601943 0.0257753 0.0729206 0.31185
0 0.493492 0.62745 0.030397 0.0916302 0.303369
