7 0.439982 0.60383 0.233908 0.237291 0.741656
2 0.368043 0.339947 0.0417686 0.0570707 0.551421
2 0.867616 0.413701 0.0555927 0.101456 0.545159
0 0.602668 0.643901 0.0269163 0.0720416 0.428803
2 0.867364 0.428485 0.0545005 0.0734113 0.422394
0 0.611503 0.646623 0.0445126 0.0809861 0.41983
3 0.422916 0.470267 0.0447565 0.0650087 0.391273
0 0.509179 0.726398 0.0554102 0.0906366 0.387978
3 0.322516 0.504131 0.0597234 0.0838259 0.3664
0 0.331591 0.765279 0.0447946 0.0648358 0.361961
3 0.24654 0.549478 0.0825985 0.079639 0.357009
3 0.507645 0.472462 0.0637661 0.0582614 0.356166
3 0.482998 0.771999 0.0437417 0.0513868 0.348566
3 0.589472 0.436621 0.0371358 0.0550607 0.33549
0 0.72741 0.608766 0.0375377 0.0953895 0.333505
3 0.499405 0.471772 0.0468064 0.0517145 0.328555
0 0.500833 0.722498 0.0385723 0.0829988 0.32311
3 0.117268 0.526668 0.0278567 0.0641953 0.32248
0 0.345522 0.764539 0.0712578 0.0674958 0.311916
