2 0.839838 0.730446 0.112608 0.127513 0.858409
2 0.466261 0.43137 0.0500896 0.0570033 0.778618
2 0.504028 0.522607 0.0963496 0.0886677 0.718602
2 0.870985 0.374185 0.0495228 0.0435728 0.655373
2 0.640912 0.365311 0.0572097 0.0315378 0.638656
2 0.3632 0.451341 0.0693386 0.049176 0.613713
2 0.501426 0.361587 0.0424082 0.0282572 0.604778
2 0.295189 0.385797 0.0426503 0.0517332 0.567848
2 0.227521 0.421842 0.0623715 0.0461348 0.560015
2 0.61045 0.353142 0.0610352 0.0396801 0.538566
2 0.742544 0.364014 0.0461739 0.0271649 0.43649
3 0.308017 0.505929 0.0311668 0.043127 0.419688
2 0.4086 0.349952 0.035979 0.0242141 0.410516
2 0.410322 0.356263 0.0369698 0.0325463 0.408767
2 0.225161 0.370803 0.0428032 0.0492806 0.326997
3 0.307865 0.497299 0.0303042 0.0571106 0.319709
2 0.399177 0.421313 0.0416736 0.0492469 0.303654
