2 0.448359 0.605707 0.149642 0.17548 0.86942
2 0.234827 0.570752 0.213715 0.19989 0.854288
2 0.269905 0.725493 0.17015 0.132975 0.710399
3 0.330579 0.59357 0.0659187 0.113602 0.63965
25 0.439349 0.30818 0.0750162 0.0408944 0.553098
7 0.654014 0.591308 0.479236 0.392662 0.483274
2 0.476924 0.423845 0.146189 0.0955263 0.43316
2 0.655184 0.60149 0.4761 0.371911 0.379688
3 0.327692 0.424836 0.0438531 0.0720302 0.37605
2 0.728095 0.390414 0.028015 0.0278186 0.343976
0 0.596576 0.452589 0.0370594 0.0862115 0.332849
0 0.39729 0.49975 0.0395286 0.100629 0.310566
3 0.242166 0.458429 0.0470061 0.0761272 0.304232
