2 0.524384 0.649068 0.106231 0.147686 0.798619
2 0.598646 0.49041 0.0660307 0.0787758 0.72658
0 0.409564 0.687008 0.0407646 0.0887918 0.652732
3 0.262974 0.728778 0.0682869 0.100275 0.570825
0 0.265572 0.692276 0.0473985 0.0930327 0.53223
0 0.266848 0.681533 0.0354937 0.0736034 0.508306
3 0.407858 0.724647 0.0481415 0.0746248 0.44445
0 0.610081 0.696602 0.0332071 0.086934 0.364014
3 0.606819 0.738111 0.0267249 0.0535977 0.346614
3 0.480042 0.484621 0.0226088 0.0482702 0.330279
0 0.706563 0.475969 0.0197821 0.045488 0.309055
0 0.239086 0.45433 0.0245936 0.0671225 0.302948
