2 0.542447 0.391282 0.025142 0.0320279 0.6804
2 0.73632 0.755349 0.123588 0.0811722 0.511931
2 0.422138 0.448121 0.0329268 0.0489105 0.509363
2 0.515919 0.433349 0.0315137 0.0408619 0.47276
3 0.439457 0.614451 0.0256108 0.0670818 0.453914
2 0.879696 0.523019 0.0325784 0.0391247 0.450403
7 0.546585 0.538643 0.0541921 0.0924865 0.446852
0 0.452031 0.517712 0.015599 0.0480981 0.399457
0 0.479533 0.585358 0.0224361 0.0655877 0.394957
7 0.589375 0.467436 0.0535185 0.0921196 0.352006
5 0.589492 0.46691 0.0536609 0.0929445 0.336023
0 0.472658 0.668791 0.0294168 0.084216 0.306195
