7 0.329583 0.388479 0.190617 0.125729 0.519025
7 0.714202 0.356056 0.3528 0.267578 0.510345
2 0.53819 0.753456 0.215164 0.0835137 0.388104
3 0.504365 0.42464 0.0505081 0.0701723 0.368962
2 0.33027 0.388726 0.192498 0.124431 0.367515
3 0.174484 0.444614 0.0518638 0.0787484 0.358093
5 0.774907 0.280132 0.192308 0.105561 0.355653
0 0.475364 0.390579 0.0287017 0.0702589 0.33846
0 0.264243 0.512478 0.035463 0.0877116 0.33507
0 0.478168 0.378479 0.0222002 0.0463249 0.315184
0 0.173971 0.441401 0.0489775 0.0702512 0.308616
