2 0.832057 0.575236 0.128799 0.10613 0.82293
2 0.450108 0.645018 0.0981703 0.175218 0.797468
2 0.242791 0.380183 0.0648935 0.0563495 0.714845
2 0.39212 0.428843 0.0508585 0.0701598 0.653832
2 0.46752 0.416737 0.0406904 0.0588159 0.612477
2 0.430966 0.349027 0.0295065 0.0400168 0.596968
2 0.415004 0.372302 0.035812 0.0458968 0.55979
7 0.341364 0.536 0.107968 0.179942 0.555632
2 0.471707 0.339728 0.0238077 0.0367625 0.481986
2 0.483126 0.500851 0.0631647 0.107544 0.434504
2 0.129088 0.518874 0.0512736 0.112378 0.41463
2 0.476355 0.376996 0.0336341 0.0404025 0.410059
