2 0.171185 0.47759 0.10976 0.0917982 0.849502
2 0.474998 0.561917 0.0808011 0.150307 0.797868
2 0.395054 0.440596 0.0589704 0.0921806 0.766817
2 0.313539 0.469215 0.0767065 0.0920079 0.764173
2 0.477644 0.748444 0.111553 0.0908422 0.688132
5 0.194484 0.362953 0.0920041 0.0970245 0.593755
2 0.457256 0.463051 0.0502271 0.0759334 0.588236
0 0.239301 0.578466 0.0355411 0.089965 0.534189
3 0.226322 0.712975 0.0636181 0.113641 0.455579
3 0.150579 0.673209 0.0582672 0.120494 0.399146
2 0.412723 0.374549 0.0400641 0.0416978 0.36989
0 0.189069 0.586661 0.0330575 0.102 0.362461
2 0.316837 0.351003 0.0401673 0.0460392 0.338177
0 0.149984 0.664045 0.0550878 0.122357 0.318349
2 0.252864 0.381102 0.0765648 0.0990997 0.315004
0 0.217461 0.6818 0.0450367 0.105956 0.311453
3 0.216306 0.723514 0.040021 0.0904458 0.306315
