2 0.281074 0.420874 0.04012 0.0474021 0.826422
2 0.557134 0.370996 0.053676 0.0361871 0.689591
7 0.782017 0.633505 0.228194 0.308291 0.632038
2 0.860643 0.37591 0.0689047 0.0372437 0.631491
3 0.226771 0.749731 0.049892 0.0863604 0.617618
2 0.805377 0.357151 0.0560322 0.0292769 0.607729
3 0.283253 0.633456 0.037106 0.066239 0.595778
0 0.320671 0.555542 0.0248969 0.0717848 0.593508
3 0.156869 0.552586 0.026759 0.0667661 0.580462
2 0.645876 0.36152 0.0509441 0.0250137 0.565553
2 0.229795 0.347719 0.0196785 0.0275065 0.487206
0 0.225819 0.713776 0.0408643 0.0821612 0.451871
2 0.366408 0.411975 0.0450629 0.0436261 0.451101
3 0.415826 0.531626 0.0268474 0.0684984 0.44316
0 0.284992 0.59408 0.034215 0.0715319 0.374736
7 0.696459 0.303899 0.106349 0.0632499 0.339793
0 0.415961 0.530408 0.0266289 0.0695146 0.337417
3 0.283639 0.615396 0.0381256 0.101657 0.331082
2 0.83129 0.320343 0.0310566 0.024531 0.311793
