2 0.397737 0.734351 0.146382 0.117108 0.843234
2 0.460069 0.523245 0.0992166 0.119688 0.825006
2 0.281255 0.422755 0.110032 0.0583351 0.759494
2 0.559926 0.410613 0.0429011 0.0673461 0.660495
7 0.679396 0.415203 0.0715378 0.122429 0.555415
5 0.679057 0.415041 0.0712667 0.122227 0.4995
2 0.546417 0.344969 0.0247545 0.0269947 0.443813
3 0.849109 0.541287 0.0380013 0.0661131 0.411843
0 0.607821 0.747232 0.0447742 0.0982665 0.404601
2 0.591253 0.341399 0.0236396 0.0312095 0.396465
0 0.840753 0.456199 0.0239048 0.0653978 0.385104
2 0.52485 0.377987 0.0327974 0.0436941 0.375539
0 0.761899 0.662831 0.0375555 0.0779231 0.373404
3 0.616981 0.642527 0.0292915 0.0528782 0.36162
2 0.482067 0.409687 0.0678049 0.0966071 0.345552
5 0.563593 0.309663 0.042148 0.0574717 0.343968
0 0.809446 0.456539 0.0194328 0.0465714 0.339371
7 0.48309 0.406234 0.0685057 0.102078 0.310761
0 0.574703 0.660988 0.0328726 0.0819084 0.306449
3 0.548879 0.767846 0.0469556 0.0575257 0.303377
