2 0.518923 0.534261 0.0876154 0.0993161 0.861084
0 0.463044 0.733223 0.0526896 0.115185 0.738296
3 0.427878 0.440343 0.026254 0.0541971 0.582152
2 0.637634 0.453793 0.0463231 0.0642925 0.557974
0 0.731563 0.76797 0.0527771 0.0565855 0.542365
3 0.337775 0.498348 0.0383498 0.0771992 0.513696
0 0.550367 0.752313 0.0532707 0.0838517 0.509156
2 0.680031 0.401242 0.0498202 0.0294956 0.495515
2 0.570862 0.372364 0.0306019 0.0254705 0.4407
3 0.143748 0.667215 0.0820232 0.130718 0.437646
0 0.633497 0.507669 0.0287571 0.0559484 0.365521
2 0.584435 0.428943 0.0425476 0.0397204 0.347631
3 0.633637 0.572329 0.0296349 0.0587176 0.31816
