2 0.154852 0.729154 0.102048 0.134424 0.840394
2 0.57908 0.44281 0.0890257 0.100299 0.802124
3 0.426588 0.67107 0.0888104 0.0967664 0.69259
3 0.129262 0.63149 0.0513449 0.0693189 0.546164
0 0.427554 0.63584 0.0511082 0.10582 0.505392
3 0.446519 0.435677 0.0506418 0.0651826 0.499429
3 0.344888 0.463763 0.0893347 0.075772 0.491445
3 0.530861 0.631182 0.0697329 0.114409 0.392593
3 0.839505 0.380889 0.0241677 0.0606601 0.374322
3 0.627108 0.573237 0.0484814 0.077918 0.356006
3 0.741085 0.500224 0.0323181 0.078989 0.336419
3 0.547997 0.544828 0.0324325 0.0589577 0.325155
3 0.691189 0.504551 0.0354682 0.0750436 0.324489
0 0.790736 0.395756 0.021489 0.0488924 0.303213
3 0.54419 0.397451 0.0441714 0.0638719 0.302758
