2 0.24961 0.619426 0.11449 0.142812 0.692561
2 0.343141 0.614951 0.0808474 0.129691 0.65724
2 0.433722 0.598048 0.065635 0.112191 0.584056
0 0.499595 0.729502 0.0318096 0.104097 0.541076
0 0.661002 0.664781 0.0271063 0.0753952 0.494613
2 0.419817 0.461065 0.0389326 0.0553819 0.451131
5 0.632573 0.468945 0.0611298 0.114256 0.434669
2 0.78799 0.764076 0.115639 0.0627736 0.410263
2 0.491236 0.496523 0.0418407 0.0722236 0.379318
7 0.632269 0.469089 0.0603157 0.114032 0.367947
0 0.680332 0.758354 0.0419862 0.0756386 0.36736
2 0.391398 0.436162 0.0360574 0.0480047 0.362298
2 0.596876 0.756381 0.112804 0.0763366 0.305949
