2 0.555223 0.533883 0.0892355 0.0740037 0.690065
7 0.547664 0.464334 0.102508 0.0943085 0.659886
2 0.710526 0.44063 0.0390476 0.0334584 0.619574
0 0.210378 0.772232 0.0511985 0.0464933 0.585716
3 0.482623 0.53182 0.0352325 0.0614934 0.405931
3 0.653597 0.510797 0.0232793 0.053732 0.361573
2 0.114528 0.699216 0.0212698 0.0604642 0.343114
3 0.481607 0.543906 0.0327969 0.039055 0.326929
7 0.218166 0.396476 0.0554413 0.077145 0.314015
2 0.219442 0.401836 0.0522874 0.0664337 0.309063
0 0.654166 0.508632 0.0215468 0.0496421 0.300801
