2 0.632917 0.532324 0.129913 0.133422 0.880901
2 0.815072 0.568781 0.142035 0.127921 0.864713
2 0.504872 0.365555 0.0721658 0.06465 0.708109
3 0.407889 0.518837 0.0316112 0.0667758 0.51057
2 0.328649 0.302769 0.0360681 0.0353038 0.487924
2 0.401201 0.292463 0.0300558 0.0390673 0.482969
3 0.515701 0.534513 0.0330364 0.065416 0.456728
0 0.366384 0.548005 0.0302397 0.0557871 0.379966
0 0.563378 0.629933 0.0397427 0.0812213 0.359333
3 0.544608 0.739273 0.0512632 0.10116 0.358643
3 0.371537 0.591243 0.0379085 0.0617585 0.35125
2 0.32943 0.307068 0.0409966 0.0456584 0.347169
2 0.607183 0.318538 0.0401945 0.0409844 0.333533
3 0.423491 0.440877 0.0237253 0.0528348 0.325732
0 0.365597 0.437275 0.0216845 0.0593882 0.308214
0 0.366338 0.559251 0.0314908 0.0787494 0.308166
