5 0.596772 0.494414 0.358032 0.186063 0.907859
2 0.240555 0.544847 0.150235 0.145125 0.843836
2 0.167382 0.580157 0.127195 0.191544 0.756946
2 0.167172 0.442855 0.0761475 0.0719483 0.753538
0 0.705561 0.599164 0.0311975 0.0687223 0.566695
2 0.162468 0.36131 0.0712275 0.0513159 0.55499
2 0.679988 0.371445 0.0525341 0.0468592 0.491221
2 0.796175 0.450504 0.0620173 0.0583945 0.486629
3 0.42143 0.762041 0.0928221 0.0699644 0.468345
2 0.268313 0.32605 0.0542175 0.0291852 0.442664
3 0.302446 0.74975 0.0949634 0.0768614 0.436247
3 0.150849 0.764978 0.0936222 0.0648072 0.413436
0 0.666063 0.630089 0.0338421 0.0792194 0.403401
3 0.482945 0.667632 0.0710352 0.0962209 0.398745
0 0.816177 0.573504 0.0338493 0.0667406 0.395772
0 0.131686 0.686229 0.051951 0.113325 0.369298
0 0.425528 0.744193 0.0467667 0.0874011 0.366683
0 0.48954 0.6396 0.0328739 0.0663843 0.359433
0 0.423871 0.732124 0.0414194 0.0646271 0.350187
2 0.740789 0.378252 0.0573246 0.0367065 0.347087
2 0.294132 0.499174 0.0657202 0.0748794 0.341494
0 0.421111 0.748793 0.0804209 0.0951148 0.333828
2 0.265142 0.321722 0.0618429 0.0323453 0.331643
0 0.27936 0.70662 0.03163 0.0803071 0.323447
0 0.570944 0.614493 0.0518879 0.0671165 0.318426
2 0.16152 0.37617 0.0782581 0.0816222 0.300665
