2 0.402936 0.544341 0.180528 0.173904 0.885585
2 0.157067 0.596177 0.106205 0.146309 0.84195
2 0.775939 0.316137 0.108647 0.0795379 0.643004
3 0.588679 0.376036 0.042403 0.0538032 0.589331
3 0.22581 0.502164 0.0770545 0.10695 0.558439
3 0.53036 0.430404 0.0509928 0.0749931 0.520228
3 0.872018 0.532938 0.0460283 0.0937335 0.469757
3 0.309486 0.497172 0.0651174 0.0742331 0.467942
0 0.356323 0.461511 0.0444736 0.0940611 0.384951
25 0.437332 0.304642 0.0778505 0.03932 0.361811
0 0.231171 0.49398 0.0656988 0.0909516 0.312148
