2 0.781566 0.440013 0.0678767 0.0497348 0.752463
2 0.477431 0.407484 0.0348507 0.0417228 0.709008
2 0.420014 0.403399 0.035263 0.0411459 0.694586
7 0.567889 0.509844 0.0969604 0.14578 0.621694
2 0.430421 0.348058 0.0285828 0.0289236 0.603469
2 0.40117 0.366442 0.0240355 0.0228685 0.494783
2 0.437319 0.458647 0.0428164 0.0563354 0.487454
0 0.356585 0.729786 0.0338241 0.110778 0.476737
2 0.566669 0.34067 0.0237318 0.0178728 0.415716
2 0.540956 0.439545 0.0511861 0.045865 0.374954
2 0.364831 0.348148 0.0203499 0.0200334 0.364212
