2 0.567869 0.697185 0.166516 0.193266 0.793531
2 0.75503 0.294581 0.0497198 0.0506549 0.782697
2 0.187765 0.333002 0.0519184 0.0732177 0.751932
2 0.81062 0.300124 0.0468622 0.0454566 0.68757
0 0.772353 0.584711 0.0416215 0.0965311 0.525695
0 0.277538 0.719849 0.0500234 0.124724 0.439849
0 0.274206 0.368355 0.0200192 0.0568291 0.416654
0 0.312118 0.364887 0.018621 0.045584 0.407175
0 0.223682 0.510822 0.0383399 0.124246 0.393691
3 0.472437 0.562841 0.0763872 0.0620964 0.38835
0 0.222108 0.495657 0.0345409 0.0900511 0.377053
0 0.458994 0.526105 0.039303 0.0712436 0.351433
