2 0.427607 0.453496 0.127512 0.0986547 0.848662
3 0.379432 0.650789 0.119593 0.12188 0.635224
2 0.300746 0.455269 0.0768055 0.114293 0.582919
3 0.28065 0.601575 0.0748825 0.0760332 0.556968
3 0.234101 0.402349 0.0229917 0.0548122 0.489985
3 0.344467 0.54336 0.0332367 0.0671854 0.44886
0 0.234648 0.347175 0.0150569 0.0536046 0.439633
3 0.478227 0.764315 0.065447 0.0619938 0.396899
2 0.303315 0.300872 0.0325473 0.0319373 0.372322
0 0.316875 0.412781 0.0240904 0.0423709 0.343227
0 0.487122 0.764646 0.047815 0.0602615 0.334915
3 0.345345 0.533013 0.0375602 0.0853804 0.331769
