2 0.596927 0.55088 0.0870581 0.098423 0.839312
3 0.45999 0.409826 0.0180473 0.0460586 0.454172
0 0.3131 0.596625 0.0334396 0.0760575 0.446095
0 0.632174 0.641771 0.0300004 0.0869138 0.420448
3 0.71857 0.421084 0.0236839 0.0440562 0.359206
0 0.379792 0.595414 0.0345345 0.0760278 0.334448
0 0.50583 0.434167 0.0191424 0.0484625 0.328648
0 0.238568 0.454403 0.0258843 0.0681512 0.324444
3 0.379114 0.606501 0.0376882 0.091305 0.314967
0 0.529307 0.406843 0.0170744 0.0433863 0.312056
2 0.224523 0.405054 0.069932 0.0330927 0.310454
