2 0.913653 0.716442 0.160687 0.224157 0.842746
2 0.753571 0.47199 0.104669 0.0995883 0.761938
2 0.872056 0.376041 0.0927101 0.0564753 0.536988
0 0.826991 0.723775 0.0577868 0.143946 0.536799
0 0.568381 0.522515 0.0398291 0.11393 0.534964
0 0.216966 0.451207 0.0378972 0.0793613 0.459584
1 0.82865 0.775119 0.0648549 0.11847 0.399659
2 0.884103 0.37504 0.0682545 0.0535706 0.353616
0 0.459401 0.57812 0.0474306 0.0902527 0.332619
0 0.906154 0.553393 0.0450218 0.0922196 0.331073
0 0.835764 0.455137 0.0263407 0.0734317 0.300316
