2 0.358203 0.625512 0.090701 0.128146 0.828258
2 0.666097 0.559185 0.140699 0.102189 0.736329
2 0.828613 0.682201 0.134631 0.13444 0.701513
3 0.724391 0.678267 0.0719861 0.107285 0.636952
2 0.336244 0.444455 0.0463432 0.0605762 0.633685
2 0.258634 0.398365 0.0371404 0.0429592 0.599905
3 0.62492 0.628395 0.0521536 0.0947323 0.557263
2 0.638983 0.474798 0.0773913 0.0554727 0.520085
2 0.411692 0.425351 0.0483638 0.0474273 0.455851
2 0.30485 0.404309 0.0323957 0.0428213 0.440725
2 0.534006 0.465765 0.0726698 0.0701715 0.413092
2 0.476464 0.470883 0.0486409 0.0561806 0.381257
3 0.279433 0.756061 0.0422851 0.079283 0.36011
0 0.841369 0.556318 0.022673 0.0503525 0.338379
3 0.244135 0.533281 0.0288152 0.0528665 0.324779
3 0.206418 0.590483 0.0277133 0.0579756 0.321642
0 0.239916 0.457275 0.0177206 0.055493 0.308101
