2 0.468608 0.395654 0.0352573 0.0435021 0.791112
2 0.837983 0.720469 0.116495 0.141774 0.671954
2 0.580409 0.403898 0.0449078 0.0432359 0.6527
2 0.15214 0.424364 0.0912523 0.0664322 0.598139
2 0.30787 0.380865 0.0458162 0.0326257 0.486083
0 0.437517 0.553498 0.0273983 0.0743225 0.469013
2 0.553151 0.36365 0.0323545 0.0291552 0.440052
0 0.658256 0.431053 0.0156767 0.0680798 0.423015
2 0.515648 0.500161 0.0612341 0.0870837 0.396034
0 0.680515 0.441244 0.0194987 0.0434338 0.377216
2 0.489937 0.338442 0.0283639 0.0261772 0.368398
2 0.533002 0.344882 0.0224029 0.0288846 0.319426
