3 0.152294 0.70162 0.100479 0.16886 0.746545
3 0.302046 0.669194 0.0873296 0.175589 0.669104
7 0.58821 0.365591 0.0709601 0.108878 0.589996
2 0.686501 0.308618 0.0275017 0.0368244 0.582785
3 0.638822 0.407649 0.0256832 0.0565467 0.578789
0 0.346517 0.504884 0.0462962 0.0877461 0.483659
3 0.424528 0.591819 0.0470374 0.122033 0.478698
0 0.304035 0.615434 0.0733392 0.171332 0.469058
3 0.506494 0.430755 0.0231539 0.058703 0.461854
0 0.433839 0.489755 0.0403498 0.0944397 0.432049
0 0.132562 0.681638 0.0582993 0.140302 0.383688
0 0.427986 0.547407 0.0433956 0.113316 0.380701
2 0.644576 0.314503 0.0317577 0.0330883 0.351652
5 0.588857 0.364679 0.0704861 0.109201 0.351465
3 0.276152 0.644744 0.0386045 0.096114 0.35037
2 0.642667 0.319784 0.0277742 0.0254072 0.342406
0 0.301198 0.593968 0.0499085 0.126776 0.326028
0 0.435057 0.472987 0.0392822 0.114628 0.307479
