2 0.576842 0.579137 0.121938 0.156694 0.852749
2 0.621494 0.424625 0.0712221 0.0807568 0.723382
3 0.663032 0.758271 0.0678362 0.0745573 0.510267
2 0.598478 0.352364 0.0483522 0.049706 0.508473
3 0.478607 0.415313 0.0339756 0.0606878 0.492095
0 0.298248 0.445898 0.0365061 0.0805349 0.487261
0 0.838531 0.452923 0.0264484 0.0715801 0.447278
0 0.702202 0.650779 0.0535195 0.122791 0.42751
3 0.425045 0.48184 0.0314863 0.0650377 0.427202
3 0.661766 0.743521 0.0714222 0.102012 0.328432
3 0.687798 0.510811 0.029897 0.0642077 0.328322
2 0.21177 0.31361 0.0415061 0.0303275 0.315371
0 0.429823 0.447264 0.0269569 0.0603843 0.313682
3 0.299296 0.451877 0.0387546 0.0795638 0.310542
