5 0.735429 0.550992 0.141049 0.252555 0.77155
0 0.600331 0.573815 0.0401934 0.0858518 0.603534
3 0.509291 0.668054 0.0773557 0.0712369 0.536905
3 0.253636 0.751939 0.105051 0.0899972 0.535004
3 0.594351 0.641697 0.0618351 0.0823508 0.505112
0 0.439294 0.462987 0.0285944 0.0674148 0.438804
0 0.506005 0.650627 0.0672473 0.102399 0.436803
3 0.282121 0.652057 0.0943442 0.0798201 0.431977
0 0.880348 0.549091 0.0311729 0.0835519 0.424612
0 0.505584 0.638058 0.0421093 0.0764958 0.408648
3 0.629292 0.433428 0.0408924 0.0465369 0.403877
3 0.307681 0.50794 0.067881 0.0764252 0.37115
3 0.504458 0.676211 0.0664906 0.0535881 0.321305
3 0.155437 0.532849 0.0755249 0.0610737 0.311211
0 0.41035 0.483349 0.0406093 0.0663483 0.308895
3 0.511577 0.475435 0.0514525 0.0475395 0.306706
