2 0.653596 0.453506 0.125607 0.0831409 0.859997
2 0.443284 0.506653 0.154802 0.101676 0.825324
2 0.216326 0.553739 0.197228 0.128198 0.824064
2 0.78244 0.476275 0.119487 0.0945695 0.607423
0 0.166795 0.394087 0.0165803 0.0617074 0.521779
0 0.56464 0.590886 0.0587864 0.0780182 0.451225
0 0.363505 0.754237 0.0537215 0.0846911 0.439204
0 0.297069 0.47795 0.0460272 0.0646565 0.425713
0 0.700563 0.552285 0.0568417 0.105186 0.406792
0 0.8111 0.524189 0.0472006 0.099696 0.38856
3 0.364135 0.752959 0.0544529 0.0857951 0.318865
0 0.699937 0.534012 0.0539316 0.0704852 0.317616
2 0.865999 0.380323 0.04813 0.0610908 0.305989
3 0.372776 0.437584 0.0463889 0.0617837 0.300051
