2 0.829037 0.378161 0.10577 0.0745116 0.747797
2 0.282528 0.230347 0.030643 0.0387547 0.568573
3 0.449571 0.565628 0.04485 0.0766786 0.565069
0 0.449106 0.526166 0.0401235 0.0947648 0.54279
0 0.549544 0.546382 0.0402448 0.0954551 0.520687
0 0.295073 0.352842 0.027597 0.0714965 0.476872
0 0.252051 0.35341 0.0327126 0.0614865 0.468585
0 0.186463 0.371763 0.0263396 0.0660794 0.46754
0 0.213832 0.338422 0.0186441 0.0579648 0.415143
3 0.548169 0.56905 0.049094 0.100135 0.391946
2 0.815593 0.236384 0.0607707 0.0338017 0.31844
