2 0.695201 0.587732 0.10043 0.0944481 0.823157
2 0.502428 0.451003 0.0525076 0.0447184 0.693456
2 0.689424 0.512195 0.0653679 0.0620128 0.664869
2 0.80312 0.723066 0.18585 0.142334 0.618981
0 0.420885 0.519106 0.0180801 0.0595087 0.613658
2 0.48817 0.504106 0.0521193 0.0758048 0.583402
0 0.62557 0.761127 0.0459637 0.0661775 0.554357
2 0.835437 0.618851 0.120258 0.13288 0.537907
0 0.447405 0.559743 0.0210747 0.0733638 0.502855
0 0.51168 0.77304 0.022995 0.0479691 0.484061
2 0.553158 0.437389 0.040885 0.0417182 0.409685
2 0.159599 0.541846 0.0757859 0.0717792 0.346465
