2 0.650853 0.634399 0.0860573 0.132815 0.646181
2 0.528035 0.547649 0.057014 0.0855858 0.573524
2 0.882484 0.523696 0.0266234 0.0355489 0.50633
58 0.700346 0.564503 0.0335263 0.0341021 0.505921
7 0.559269 0.706445 0.0923148 0.171812 0.481968
7 0.140373 0.687068 0.0730787 0.206901 0.456368
2 0.560852 0.706209 0.0973472 0.172357 0.338141
2 0.507405 0.351735 0.0218216 0.0252028 0.336013
58 0.781296 0.651674 0.022333 0.031594 0.329209
58 0.773852 0.652327 0.0387981 0.0344677 0.319553
2 0.435277 0.378353 0.0196117 0.023103 0.313936
