0 0.574778 0.722233 0.0432543 0.12218 0.591983
2 0.290325 0.738736 0.19641 0.113132 0.547135
0 0.602329 0.510967 0.0192312 0.0681856 0.522701
0 0.480979 0.55117 0.025518 0.0772972 0.476901
0 0.618276 0.633414 0.0315491 0.102708 0.435015
0 0.507305 0.487355 0.0208739 0.0560919 0.424288
0 0.598473 0.538469 0.0276123 0.12439 0.410716
0 0.507582 0.61615 0.0295076 0.0932878 0.381721
0 0.633711 0.495231 0.019143 0.0609478 0.368946
2 0.547325 0.394825 0.0250845 0.0397561 0.313245
0 0.635812 0.520543 0.0238377 0.0961828 0.300996
