2 0.397201 0.506925 0.0867594 0.0961293 0.850553
2 0.530695 0.519851 0.111795 0.101347 0.835947
2 0.714713 0.50167 0.128006 0.0830816 0.78855
2 0.41622 0.439192 0.0524218 0.0562495 0.720767
7 0.860172 0.484781 0.0698483 0.0859558 0.55185
2 0.354054 0.444004 0.0464452 0.0504751 0.542496
2 0.450895 0.360251 0.0410883 0.0238601 0.503898
2 0.822022 0.37473 0.0625181 0.0298974 0.500783
0 0.530334 0.723224 0.0333798 0.0634368 0.442938
2 0.39175 0.372415 0.0560528 0.0381256 0.43687
2 0.750414 0.359556 0.0612831 0.034642 0.435094
0 0.531017 0.729267 0.0402101 0.0775204 0.431864
3 0.161328 0.502408 0.035409 0.0821125 0.423393
2 0.663179 0.362671 0.0580707 0.033533 0.401636
2 0.232809 0.414597 0.0653782 0.0574734 0.388428
3 0.67746 0.523011 0.0524887 0.0629442 0.363407
2 0.30978 0.501975 0.0590774 0.0776136 0.338486
2 0.30025 0.395483 0.0336311 0.0321395 0.321715
2 0.314876 0.377653 0.0298598 0.0303925 0.309667
2 0.563859 0.36127 0.0509274 0.0289039 0.303414
