2 0.303652 0.379189 0.0507394 0.0290642 0.811225
2 0.609967 0.362098 0.0456045 0.0271755 0.620936
2 0.506675 0.362842 0.0526635 0.0318283 0.560902
2 0.720316 0.361815 0.06374 0.0332368 0.553511
2 0.135237 0.376929 0.0581623 0.0370202 0.518449
3 0.599868 0.49629 0.0459709 0.051299 0.50926
2 0.362407 0.339839 0.0251222 0.0212073 0.473508
5 0.837672 0.356328 0.117012 0.0699337 0.460978
3 0.747802 0.47109 0.0530165 0.0604396 0.432675
2 0.730489 0.362716 0.0445331 0.0295713 0.426988
0 0.417281 0.457484 0.0177242 0.0434928 0.418215
3 0.655062 0.467843 0.0451277 0.0550776 0.404195
3 0.22713 0.553693 0.0248047 0.0684643 0.397844
2 0.114423 0.398554 0.0232657 0.0319551 0.385879
0 0.206695 0.478498 0.0209862 0.0526408 0.371521
2 0.19428 0.324017 0.0321834 0.0417458 0.325057
3 0.813505 0.47219 0.0425152 0.0541274 0.323657
3 0.417099 0.45792 0.017973 0.0448036 0.307624
0 0.22348 0.436019 0.0159078 0.0397806 0.307433
