2 0.827674 0.486536 0.135322 0.0765232 0.759977
2 0.301549 0.431395 0.0738293 0.0493007 0.686348
2 0.45245 0.465779 0.0844488 0.0512602 0.682327
2 0.860903 0.372642 0.0678982 0.0326974 0.672681
0 0.249923 0.772775 0.0373948 0.0472565 0.643027
2 0.480475 0.344828 0.0445612 0.0252103 0.619662
2 0.515751 0.378468 0.0607912 0.0442336 0.598578
2 0.418302 0.433108 0.071047 0.0451976 0.553612
0 0.421548 0.7512 0.0381024 0.0933062 0.550653
3 0.204916 0.545319 0.0279621 0.0499727 0.540078
0 0.25592 0.517284 0.0224173 0.065521 0.528014
0 0.395373 0.630628 0.0322613 0.0834894 0.505396
3 0.385489 0.66759 0.0487805 0.071693 0.474817
3 0.205044 0.532728 0.0275347 0.0725803 0.468571
2 0.292268 0.365044 0.0313022 0.0270568 0.414802
2 0.370513 0.368262 0.0599611 0.0241826 0.40974
3 0.542181 0.490169 0.0474047 0.052589 0.405361
0 0.185418 0.600142 0.0353219 0.0866142 0.370589
0 0.473191 0.674932 0.0352926 0.0975384 0.367441
3 0.483572 0.524419 0.0560278 0.0586252 0.361891
3 0.174771 0.623064 0.049709 0.0627883 0.361118
3 0.48184 0.511863 0.0591423 0.0818263 0.343578
3 0.461573 0.727303 0.0556965 0.0728333 0.326157
3 0.415964 0.763573 0.0469976 0.0693159 0.324345
2 0.814813 0.337004 0.0323795 0.0300769 0.311709
