2 0.656624 0.409352 0.0837068 0.0479783 0.829631
2 0.563848 0.432494 0.103976 0.0625665 0.797973
2 0.785583 0.421927 0.0889769 0.0537904 0.55828
3 0.730102 0.495582 0.04928 0.0527182 0.533319
2 0.413051 0.37366 0.078387 0.0637797 0.471574
0 0.249551 0.402362 0.0192238 0.0442816 0.446099
0 0.54067 0.5961 0.0262937 0.0863243 0.402689
2 0.729849 0.362839 0.0364515 0.0353183 0.394845
0 0.410703 0.63918 0.0419454 0.0942266 0.379334
3 0.734659 0.500367 0.0408327 0.043395 0.358075
7 0.865789 0.461501 0.0618561 0.101942 0.354116
0 0.568677 0.734091 0.0429457 0.111294 0.330916
2 0.117495 0.292167 0.0279798 0.0244209 0.308632
