2 0.227968 0.464802 0.0742486 0.0600841 0.783345
7 0.417906 0.511814 0.0791199 0.128775 0.76831
0 0.703332 0.587917 0.0227198 0.0782357 0.530471
0 0.41107 0.689748 0.033733 0.0826614 0.516809
2 0.376734 0.3469 0.0336791 0.0256069 0.50914
3 0.52368 0.441708 0.0219364 0.0484037 0.43136
3 0.39928 0.741644 0.0525134 0.0487788 0.42824
0 0.588135 0.637309 0.030475 0.0759384 0.42007
3 0.452091 0.655737 0.0402423 0.0453784 0.369752
3 0.458452 0.644493 0.0419858 0.064782 0.361846
0 0.708588 0.588045 0.0330643 0.0809719 0.358263
3 0.536103 0.564086 0.0331652 0.0502166 0.345461
3 0.497408 0.398362 0.0245426 0.0339692 0.324985
3 0.574788 0.676699 0.0384754 0.0411806 0.31829
