2 0.313465 0.636666 0.126023 0.201652 0.789728
2 0.493422 0.690769 0.106675 0.205466 0.768882
2 0.511942 0.556463 0.071101 0.115436 0.685898
2 0.810705 0.623903 0.165365 0.127557 0.68294
0 0.34101 0.763059 0.0434738 0.0678145 0.679125
2 0.389986 0.5223 0.0744626 0.100547 0.672885
3 0.825607 0.516608 0.0352504 0.064648 0.568044
2 0.494671 0.494064 0.0543939 0.0917768 0.512587
2 0.420212 0.465787 0.0567355 0.0951784 0.433313
2 0.202353 0.397903 0.0684493 0.0692068 0.379137
0 0.395544 0.730282 0.0458426 0.128994 0.363431
