2 0.421193 0.558844 0.107622 0.148287 0.853946
2 0.499396 0.506081 0.115179 0.117874 0.828352
2 0.539969 0.712653 0.178289 0.16456 0.766946
2 0.591078 0.632832 0.142106 0.184296 0.751651
2 0.362725 0.469848 0.081704 0.101441 0.623837
2 0.7358 0.590711 0.154113 0.159353 0.562433
2 0.728744 0.469192 0.106944 0.084624 0.555558
2 0.836546 0.58487 0.115338 0.152775 0.536256
2 0.304379 0.378083 0.0469361 0.0571604 0.522209
2 0.617273 0.519541 0.118792 0.148726 0.482156
2 0.328292 0.424069 0.0507382 0.0791403 0.4689
2 0.79484 0.722678 0.203927 0.146037 0.439283
2 0.636352 0.412531 0.0760002 0.0608908 0.373973
0 0.421305 0.743114 0.0248276 0.0723586 0.334008
2 0.662274 0.473466 0.0759147 0.0713814 0.319369
2 0.438282 0.441316 0.0841209 0.0899542 0.302592
