0 0.411754 0.721108 0.0426056 0.106297 0.712281
7 0.489707 0.432226 0.0586386 0.0837543 0.555617
2 0.127388 0.464793 0.0495897 0.055848 0.552231
0 0.621073 0.54222 0.0230516 0.0631486 0.531078
2 0.785134 0.52691 0.0936121 0.0820143 0.500552
3 0.156186 0.640138 0.0652449 0.082623 0.481733
7 0.416892 0.410635 0.0617129 0.0889418 0.470505
0 0.482709 0.555206 0.0241438 0.0649283 0.465457
0 0.449341 0.611322 0.0260485 0.0793728 0.44194
2 0.769166 0.527 0.0613828 0.0804138 0.410866
0 0.400833 0.611172 0.0311766 0.0841379 0.339038
5 0.416948 0.411449 0.0632756 0.0884157 0.30687
0 0.163979 0.539712 0.0430131 0.0630822 0.306592
