2 0.796238 0.70536 0.197112 0.182204 0.809719
2 0.602547 0.483309 0.0652026 0.067582 0.78372
2 0.86727 0.676234 0.0591375 0.108515 0.507859
0 0.477389 0.660164 0.0324144 0.0830952 0.496595
3 0.533066 0.63868 0.0330039 0.0665678 0.470239
2 0.670265 0.48436 0.0275035 0.0513824 0.454104
2 0.650706 0.456566 0.0451052 0.053761 0.413758
3 0.423095 0.450539 0.0174173 0.0536608 0.409577
2 0.646585 0.447982 0.0522012 0.0462234 0.400099
9 0.732063 0.27731 0.0131624 0.0480726 0.391027
3 0.479593 0.698116 0.0382624 0.0910943 0.371046
3 0.459003 0.473173 0.0176521 0.0479583 0.355636
7 0.48463 0.343771 0.0284216 0.0462758 0.354694
0 0.489883 0.453175 0.0182945 0.0565534 0.324088
0 0.419329 0.389102 0.0135925 0.0369872 0.315077
0 0.531547 0.594564 0.0280637 0.0546863 0.305944
2 0.288732 0.677861 0.137145 0.0872032 0.302315
