2 0.619167 0.590955 0.24496 0.162091 0.894485
2 0.302259 0.472745 0.125726 0.089989 0.822264
2 0.55013 0.430485 0.11746 0.081312 0.679868
3 0.824066 0.591858 0.100479 0.0950356 0.568052
0 0.382767 0.754954 0.0619575 0.0833537 0.558739
0 0.524257 0.748753 0.0554994 0.0889835 0.5023
3 0.409746 0.511876 0.0746235 0.0902789 0.477191
2 0.749158 0.375785 0.0552888 0.0515635 0.459358
3 0.199097 0.471766 0.0349116 0.0582702 0.384813
0 0.317868 0.668169 0.049505 0.117615 0.369796
3 0.135201 0.697449 0.0527633 0.108133 0.316726
3 0.198674 0.457795 0.035493 0.0843517 0.303795
