2 0.63557 0.498566 0.0901907 0.0799676 0.899826
2 0.82019 0.626507 0.149142 0.128005 0.886974
2 0.72175 0.413983 0.0629177 0.0610342 0.809392
5 0.833314 0.44917 0.126205 0.139841 0.808172
2 0.498105 0.380506 0.0440977 0.0428237 0.756508
2 0.475844 0.448364 0.053816 0.0641657 0.752581
2 0.36212 0.405853 0.0472979 0.0564769 0.729867
2 0.578624 0.416201 0.0490706 0.047668 0.626307
5 0.292338 0.405706 0.0710527 0.115688 0.607484
5 0.799611 0.385698 0.155905 0.0983407 0.60616
0 0.714803 0.570458 0.0232643 0.0642848 0.575931
2 0.543614 0.359177 0.032672 0.0287574 0.482061
2 0.226629 0.389817 0.0321107 0.0313247 0.41528
0 0.70986 0.579093 0.0327604 0.0798 0.38617
5 0.39522 0.295264 0.0428024 0.0441632 0.326327
0 0.213723 0.490973 0.0208568 0.0569242 0.321163
2 0.356115 0.315525 0.019946 0.0245541 0.306152
