2 0.359874 0.497379 0.092005 0.101206 0.775747
3 0.156841 0.641538 0.0621194 0.1016 0.755208
2 0.45059 0.410369 0.0549449 0.0608552 0.703033
3 0.252368 0.538913 0.0389292 0.0762904 0.639993
3 0.581874 0.422473 0.0188094 0.0445842 0.604338
2 0.542848 0.309469 0.021879 0.0233796 0.574598
0 0.540902 0.768915 0.0437101 0.0529217 0.529034
2 0.508875 0.349116 0.0305943 0.043374 0.508132
0 0.58525 0.356048 0.012567 0.0371311 0.423108
3 0.296586 0.479863 0.0260472 0.0550541 0.408637
7 0.866401 0.265821 0.057928 0.0995984 0.345747
