2 0.586751 0.360219 0.0592405 0.0710978 0.78749
2 0.408775 0.377288 0.113105 0.0626406 0.762576
2 0.657978 0.389551 0.0566805 0.0598009 0.618965
2 0.645598 0.314848 0.0291514 0.0366398 0.597513
0 0.708626 0.602224 0.0387936 0.0897944 0.493869
7 0.553557 0.592416 0.186787 0.272477 0.397977
2 0.621849 0.340817 0.0285332 0.0476901 0.396308
0 0.665696 0.668228 0.0390739 0.143383 0.384048
0 0.642505 0.464323 0.0254082 0.0666106 0.377565
0 0.671315 0.534199 0.0344725 0.104516 0.36696
2 0.621462 0.326511 0.0283763 0.0272259 0.328304
