2 0.209587 0.567811 0.108202 0.102772 0.818761
2 0.429747 0.515689 0.0695205 0.0816982 0.797417
2 0.290019 0.594368 0.0833099 0.12501 0.678028
2 0.470402 0.405215 0.0317411 0.0414566 0.596016
2 0.512295 0.429819 0.0341349 0.0454086 0.578583
0 0.386822 0.737998 0.0340134 0.0918297 0.520729
2 0.381451 0.427349 0.0460653 0.0566337 0.475874
0 0.534485 0.566033 0.024201 0.0689103 0.467725
2 0.632368 0.371091 0.021344 0.0240248 0.447008
0 0.373619 0.529872 0.0248387 0.0800551 0.422399
2 0.120296 0.551764 0.0321688 0.0768553 0.397479
0 0.402684 0.634065 0.0294973 0.0954658 0.396208
0 0.448794 0.628976 0.029525 0.061652 0.372026
0 0.609982 0.657403 0.0297486 0.0777938 0.353644
0 0.449298 0.642071 0.0292687 0.0909879 0.343274
3 0.54567 0.629697 0.0317404 0.0741106 0.313442
