2 0.248624 0.561514 0.0992026 0.114644 0.863788
2 0.380023 0.479236 0.065276 0.0783828 0.800076
2 0.248999 0.464371 0.0648717 0.0592609 0.675932
2 0.753592 0.533934 0.0755781 0.10485 0.668687
3 0.525515 0.508077 0.0550789 0.0552427 0.559737
2 0.38169 0.413215 0.0616502 0.0512806 0.552668
3 0.640782 0.547745 0.06665 0.0784964 0.542006
2 0.419216 0.437599 0.0566893 0.0553305 0.52616
2 0.851377 0.498185 0.0908196 0.0892899 0.507334
5 0.655961 0.444406 0.0770149 0.1388 0.499577
0 0.840983 0.575686 0.0323936 0.0835999 0.487593
2 0.268302 0.417283 0.0382039 0.0413691 0.475307
2 0.772254 0.329174 0.0294397 0.0424792 0.443815
3 0.148135 0.578007 0.0583532 0.0663011 0.441304
7 0.472744 0.727507 0.260092 0.129213 0.403604
2 0.156583 0.740115 0.104578 0.109688 0.3344
0 0.768882 0.610509 0.0402476 0.0920183 0.321177
