0 0.452697 0.744162 0.0397002 0.104347 0.666475
2 0.414091 0.384754 0.036462 0.0382068 0.647734
0 0.821614 0.580284 0.0343811 0.10148 0.589772
0 0.423102 0.529287 0.023952 0.0753539 0.528085
3 0.55835 0.494423 0.0214597 0.0559623 0.464196
0 0.352103 0.571302 0.0219116 0.0725075 0.448398
3 0.339418 0.461465 0.0169697 0.0604752 0.398829
3 0.423642 0.540063 0.0238306 0.0606892 0.390613
3 0.622358 0.55088 0.0314131 0.0702604 0.386312
0 0.728802 0.536359 0.0295433 0.0674624 0.375839
3 0.390615 0.644345 0.0288461 0.0723249 0.374372
0 0.217177 0.596082 0.0293832 0.0895586 0.343987
3 0.46871 0.421147 0.0169914 0.0445075 0.334145
0 0.248207 0.592727 0.0246014 0.0840877 0.316838
