3 0.158152 0.499158 0.0569189 0.0679507 0.608852
2 0.29571 0.373539 0.0796223 0.0460951 0.566276
3 0.295485 0.455761 0.0415289 0.0537358 0.534399
3 0.350541 0.442965 0.0399059 0.0524902 0.49074
2 0.861885 0.363662 0.0676842 0.0768157 0.490437
0 0.494722 0.761404 0.0441635 0.0680835 0.468352
3 0.168064 0.366088 0.04356 0.047702 0.426649
3 0.449754 0.482778 0.0334468 0.0591891 0.39917
3 0.533563 0.433572 0.0243342 0.0470474 0.387281
0 0.807572 0.488665 0.0266365 0.0632544 0.376804
3 0.467759 0.379768 0.0233967 0.0387624 0.345434
3 0.413384 0.405711 0.029646 0.0427372 0.334927
3 0.351978 0.577429 0.0792108 0.0834704 0.331737
3 0.807222 0.493664 0.0279568 0.061842 0.316772
