2 0.8183 0.680019 0.155942 0.192938 0.840593
2 0.528405 0.526403 0.10923 0.125091 0.831937
2 0.586033 0.422581 0.0835566 0.0725747 0.80021
2 0.379062 0.451185 0.0716296 0.0816106 0.800139
2 0.836204 0.527984 0.11671 0.0915871 0.775569
2 0.727992 0.506317 0.14848 0.127971 0.751517
2 0.290233 0.374394 0.0394317 0.0575782 0.726633
2 0.615563 0.758061 0.151553 0.0707828 0.649137
2 0.401902 0.390381 0.0584734 0.0614199 0.640254
2 0.476656 0.395774 0.0726333 0.0660046 0.598293
2 0.427919 0.331752 0.0385241 0.0358773 0.442722
2 0.643986 0.347952 0.0373332 0.0254211 0.395724
2 0.352009 0.33597 0.0537569 0.0525987 0.360092
2 0.854585 0.611996 0.0838136 0.091366 0.333608
