2 0.505536 0.38174 0.027944 0.0401466 0.72899
3 0.594943 0.694259 0.044845 0.119752 0.455976
0 0.493241 0.68631 0.0354877 0.102464 0.447722
0 0.467086 0.509292 0.0183151 0.0675909 0.422718
0 0.495669 0.565131 0.0263227 0.0822834 0.396059
3 0.822306 0.622253 0.0555821 0.0790075 0.373978
3 0.494552 0.737224 0.0395324 0.0917532 0.35732
3 0.704943 0.603927 0.043656 0.0690183 0.3364
0 0.256464 0.551943 0.0216884 0.0689376 0.322274
3 0.415377 0.623324 0.0246645 0.0603207 0.321791
3 0.326177 0.64097 0.0371274 0.0934269 0.316872
