2 0.180335 0.559821 0.13547 0.0943571 0.839916
2 0.655058 0.426589 0.0554572 0.0490255 0.822649
2 0.758824 0.458001 0.0704027 0.0712058 0.788845
2 0.847524 0.435095 0.0667955 0.0680593 0.754596
2 0.468903 0.373603 0.0478007 0.034793 0.696045
0 0.707099 0.527015 0.0280585 0.0721036 0.564772
5 0.865916 0.574534 0.0604477 0.216513 0.471717
2 0.646954 0.354949 0.0323424 0.0413688 0.438574
0 0.667527 0.486581 0.0285784 0.067746 0.413186
3 0.182382 0.441693 0.0227327 0.0490429 0.406043
2 0.268504 0.378923 0.0435396 0.0495294 0.398867
0 0.387031 0.483145 0.0203421 0.0599583 0.392824
2 0.24802 0.445641 0.062979 0.0774244 0.39115
3 0.315579 0.494746 0.0394992 0.0601524 0.374072
2 0.26858 0.369949 0.0417421 0.0389401 0.362288
7 0.654425 0.351175 0.0457655 0.0486371 0.310617
