2 0.645205 0.522357 0.081093 0.0963699 0.779048
5 0.484487 0.691631 0.242508 0.201235 0.773792
2 0.454384 0.635599 0.131224 0.153005 0.74803
2 0.72428 0.686837 0.115456 0.217033 0.562816
2 0.708866 0.439155 0.0530258 0.0614715 0.536232
5 0.704496 0.339146 0.0278146 0.0506802 0.531268
3 0.201235 0.742329 0.0748844 0.103235 0.496524
2 0.623814 0.433858 0.061598 0.0711296 0.469467
2 0.769054 0.494547 0.0672439 0.0960854 0.453386
3 0.33189 0.699849 0.0597082 0.109445 0.448704
5 0.66637 0.372947 0.0632805 0.0904547 0.441467
3 0.467552 0.504495 0.0280268 0.0558829 0.397747
3 0.507528 0.493973 0.0242045 0.0616214 0.380298
25 0.400051 0.454632 0.0527825 0.042016 0.333744
0 0.297588 0.525968 0.0210824 0.0548928 0.301868
7 0.484744 0.690247 0.242481 0.206341 0.301444
2 0.752823 0.327074 0.0252876 0.0284441 0.301332
