2 0.451676 0.724269 0.149503 0.142349 0.870921
2 0.84686 0.742557 0.098288 0.101957 0.768976
2 0.571281 0.462899 0.055366 0.0751532 0.570674
0 0.54456 0.542787 0.0268431 0.0721437 0.484938
0 0.667333 0.544253 0.0234848 0.0529643 0.474398
3 0.226485 0.74494 0.0714064 0.104705 0.445508
3 0.59454 0.749167 0.0367998 0.0672181 0.363732
3 0.483443 0.432532 0.0207437 0.0380215 0.353498
3 0.537391 0.411246 0.0205194 0.0354148 0.343199
3 0.253824 0.628086 0.0551281 0.0719883 0.343177
0 0.225978 0.742702 0.0699428 0.108401 0.335562
3 0.537861 0.404577 0.019812 0.0490184 0.332778
3 0.539786 0.398015 0.0199232 0.0612985 0.320394
0 0.238134 0.454336 0.0241961 0.0649402 0.315407
3 0.740455 0.440427 0.0215334 0.0482687 0.312506
0 0.597504 0.711905 0.0354967 0.0929901 0.301378
