2 0.1505 0.524212 0.0928867 0.102213 0.853258
2 0.489629 0.376149 0.0280389 0.0312807 0.557118
2 0.519627 0.404261 0.0342464 0.0384086 0.538295
0 0.531065 0.46973 0.0169573 0.0699277 0.443148
3 0.567226 0.503689 0.0212797 0.0598002 0.429938
0 0.577754 0.391103 0.00943688 0.0298785 0.414087
3 0.531733 0.477517 0.017096 0.0552347 0.413399
2 0.521139 0.394311 0.0384113 0.0601944 0.403602
0 0.368844 0.741239 0.0483039 0.105522 0.381326
58 0.762907 0.568949 0.023246 0.0444009 0.379264
0 0.565806 0.501681 0.0181931 0.0554877 0.353842
