2 0.780933 0.708076 0.203536 0.169358 0.890088
3 0.367603 0.470818 0.0290603 0.0630665 0.668553
3 0.245107 0.521054 0.0493755 0.0850312 0.559251
2 0.401695 0.358559 0.0344069 0.0372117 0.524702
2 0.353123 0.345667 0.036237 0.0417017 0.462409
3 0.523838 0.410298 0.0259315 0.0441193 0.417878
3 0.497261 0.608438 0.0491993 0.0517733 0.408771
3 0.812059 0.600409 0.0761084 0.083839 0.37801
3 0.667207 0.571636 0.0657562 0.076275 0.360632
3 0.883796 0.447973 0.0260231 0.07161 0.315153
3 0.453715 0.549312 0.0368974 0.0682579 0.309613
0 0.625887 0.648563 0.0522859 0.098039 0.302897
3 0.244245 0.537881 0.0470109 0.0531353 0.301421
