2 0.449135 0.478984 0.147927 0.105279 0.870363
2 0.871563 0.383884 0.0509833 0.0722775 0.652999
2 0.76436 0.38848 0.0673044 0.0723868 0.650051
0 0.160656 0.543199 0.0294335 0.0753004 0.572689
0 0.737488 0.706704 0.0500662 0.11796 0.557671
0 0.207797 0.457692 0.0289032 0.0824736 0.516376
0 0.132275 0.327864 0.0186842 0.0531699 0.512834
0 0.287158 0.368254 0.0246819 0.0895889 0.423789
0 0.232602 0.387692 0.0245264 0.0605748 0.395686
3 0.787112 0.491937 0.0325775 0.0701595 0.392316
2 0.812535 0.336216 0.0675036 0.0662135 0.38919
3 0.345163 0.668607 0.0802582 0.137953 0.369722
3 0.166291 0.58317 0.0499146 0.0885579 0.368013
