2 0.38086 0.483109 0.0778819 0.0870562 0.747569
3 0.306045 0.527599 0.030956 0.0883438 0.65381
2 0.555328 0.341256 0.0244966 0.0282322 0.613756
3 0.184923 0.672186 0.0565037 0.0887567 0.519116
2 0.19275 0.42654 0.10978 0.0597756 0.50371
3 0.850811 0.604771 0.0643555 0.12491 0.48996
3 0.676082 0.480219 0.0607847 0.0722933 0.447153
0 0.656482 0.427138 0.0259726 0.0534298 0.409311
3 0.405517 0.414046 0.0356389 0.0564487 0.398969
2 0.499282 0.321208 0.024933 0.023189 0.384756
3 0.243438 0.557482 0.0370621 0.0711557 0.315327
3 0.786364 0.49632 0.0497553 0.0515477 0.310074
0 0.706156 0.575651 0.0375705 0.0829561 0.305006
3 0.244043 0.542062 0.0380822 0.0982687 0.303642
