2 0.769557 0.495931 0.179638 0.120768 0.871792
3 0.286199 0.439262 0.0634623 0.0526826 0.605359
3 0.357613 0.543697 0.0791533 0.076867 0.486249
3 0.650275 0.445287 0.0312191 0.0831101 0.44966
3 0.649722 0.369072 0.0355375 0.0362624 0.414734
0 0.290033 0.407478 0.0222174 0.0383937 0.399961
0 0.369753 0.526844 0.0561054 0.0807388 0.397036
3 0.565857 0.538362 0.0637937 0.0560773 0.395943
0 0.555118 0.511282 0.034341 0.0695773 0.395488
2 0.307435 0.260486 0.0366158 0.0345484 0.391
3 0.727641 0.331944 0.0293801 0.0434189 0.373624
2 0.222309 0.73451 0.237826 0.11382 0.349172
0 0.562027 0.505871 0.0469057 0.0598015 0.341022
3 0.452554 0.552464 0.073586 0.0692839 0.336786
3 0.818766 0.313374 0.0322369 0.0578953 0.336597
0 0.456408 0.541193 0.0633659 0.0757322 0.330182
