2 0.671226 0.574115 0.0788609 0.107954 0.783176
2 0.753331 0.388736 0.03213 0.0332956 0.70676
5 0.705115 0.459559 0.0653764 0.108791 0.676672
3 0.180931 0.677313 0.0632103 0.0832331 0.670591
0 0.697082 0.75357 0.0399354 0.0839805 0.510677
2 0.621751 0.369939 0.0702149 0.0441765 0.438351
0 0.401276 0.753601 0.0549618 0.0843431 0.398825
7 0.621845 0.369286 0.0715822 0.0455741 0.387844
3 0.251142 0.759911 0.0653841 0.0706019 0.368616
3 0.496935 0.685176 0.0416441 0.0766386 0.358642
0 0.279224 0.575353 0.0176963 0.0532443 0.357255
2 0.791259 0.373049 0.0278585 0.0300902 0.340147
3 0.54795 0.559345 0.0218834 0.0589874 0.33415
3 0.524966 0.589785 0.0292933 0.0612779 0.323932
3 0.451721 0.679386 0.027443 0.0684529 0.317476
