2 0.709234 0.738217 0.199406 0.113287 0.594272
0 0.566684 0.521068 0.0258337 0.0642623 0.518923
3 0.51956 0.752291 0.0513054 0.0869637 0.462284
3 0.761654 0.58173 0.0644482 0.0580577 0.415765
3 0.429725 0.618587 0.0328243 0.0650584 0.389768
0 0.429473 0.586414 0.026218 0.0597652 0.389082
0 0.482956 0.626549 0.0307291 0.0758003 0.375883
3 0.568684 0.524485 0.0297958 0.0636484 0.351279
3 0.315859 0.581366 0.0282027 0.0647916 0.348482
0 0.525402 0.460957 0.0199614 0.0510205 0.321323
3 0.483624 0.641416 0.0336165 0.0896476 0.306591
