2 0.851592 0.707306 0.0944817 0.13507 0.811117
2 0.441269 0.390859 0.0216048 0.0254877 0.687292
3 0.834731 0.586745 0.0443299 0.0723748 0.520716
0 0.310525 0.496448 0.0265555 0.0938343 0.505486
0 0.354834 0.666839 0.0289481 0.0881594 0.490158
7 0.63801 0.485529 0.0957441 0.100856 0.46991
0 0.206449 0.729872 0.0418401 0.111531 0.443941
3 0.835834 0.596394 0.0421887 0.053104 0.425583
5 0.638045 0.485775 0.0957043 0.100068 0.407647
0 0.303363 0.710004 0.0401506 0.103742 0.354722
3 0.306024 0.739992 0.0433398 0.074158 0.342322
0 0.46784 0.475179 0.0187259 0.0485817 0.337354
0 0.332251 0.641602 0.030635 0.0793196 0.316115
7 0.563367 0.445417 0.0500964 0.053545 0.302345
