2 0.458328 0.51752 0.0444514 0.0649529 0.816026
2 0.62557 0.373129 0.0271254 0.0276876 0.70658
2 0.347754 0.436018 0.0414877 0.0470682 0.69407
2 0.718274 0.456852 0.0523888 0.0424686 0.615692
2 0.676665 0.418888 0.0415066 0.0364915 0.587273
2 0.430897 0.358798 0.0220913 0.0245137 0.549899
7 0.491842 0.429892 0.0340072 0.0626721 0.52398
3 0.782159 0.639329 0.036138 0.0738583 0.51512
3 0.845442 0.679483 0.0508399 0.0711088 0.37355
3 0.584382 0.742875 0.0258882 0.0506056 0.341491
3 0.705382 0.547698 0.0242897 0.0533094 0.31615
