2 0.596663 0.597541 0.135986 0.103608 0.786059
2 0.628886 0.547381 0.108142 0.072464 0.710962
2 0.326569 0.620471 0.0942913 0.13841 0.709914
2 0.457361 0.479452 0.0670489 0.0578136 0.696318
2 0.288679 0.455246 0.0547597 0.0613195 0.614836
2 0.313373 0.420729 0.0348915 0.0413179 0.501476
7 0.398924 0.529242 0.100861 0.143491 0.460958
3 0.231197 0.542928 0.0325456 0.055766 0.44749
2 0.39819 0.52836 0.0988628 0.142582 0.405453
3 0.770895 0.638122 0.0543347 0.0848637 0.386878
3 0.157195 0.597337 0.0299598 0.0580088 0.311269
