2 0.380673 0.456405 0.0528085 0.0737337 0.792871
0 0.386936 0.741192 0.0482225 0.110769 0.757459
2 0.449255 0.409751 0.0458789 0.0521446 0.737042
2 0.476027 0.388815 0.0463112 0.0529104 0.585401
0 0.178347 0.721932 0.0555099 0.122213 0.558816
0 0.125967 0.731009 0.0440738 0.123816 0.525163
2 0.240164 0.39669 0.0287189 0.0370566 0.373643
0 0.590729 0.428125 0.0188975 0.0481139 0.351127
3 0.280711 0.470231 0.0297559 0.0429157 0.344201
3 0.67968 0.684505 0.059302 0.106116 0.314827
0 0.686513 0.67034 0.0443238 0.0915628 0.313993
0 0.680081 0.679704 0.057757 0.106147 0.303808
