2 0.489241 0.455936 0.0701643 0.0742067 0.815701
2 0.530702 0.423507 0.0634741 0.0623505 0.725481
2 0.56449 0.555364 0.106232 0.115644 0.647331
3 0.677833 0.681938 0.0856161 0.0946444 0.583107
2 0.404452 0.343359 0.0315616 0.0340079 0.5822
2 0.425588 0.377153 0.0371706 0.0432905 0.559093
0 0.297535 0.644401 0.0373084 0.108734 0.551448
0 0.832117 0.460214 0.0182728 0.065374 0.549281
2 0.45865 0.354729 0.0397836 0.0437743 0.530338
5 0.364866 0.409069 0.0977299 0.0816399 0.511309
2 0.587763 0.484198 0.103154 0.087904 0.484574
0 0.413879 0.573459 0.0323141 0.100354 0.425456
3 0.245211 0.520093 0.0488924 0.0888837 0.393122
3 0.333122 0.588656 0.0286019 0.0590923 0.322854
3 0.382056 0.766861 0.0434408 0.0588268 0.322085
3 0.860228 0.62955 0.0708204 0.0974167 0.317274
