2 0.211446 0.618882 0.164928 0.19493 0.720576
2 0.779404 0.620687 0.146825 0.128504 0.717067
2 0.371161 0.568514 0.0970839 0.1467 0.691221
2 0.629288 0.433048 0.0411016 0.0431197 0.612645
2 0.494953 0.442667 0.0460308 0.057706 0.544848
0 0.186964 0.767407 0.0480483 0.0582694 0.536174
0 0.436091 0.603442 0.0324662 0.101062 0.535446
2 0.298948 0.498544 0.0903551 0.117361 0.472618
2 0.387227 0.460499 0.067231 0.0633577 0.443329
2 0.35509 0.710165 0.1442 0.165631 0.369487
2 0.167742 0.414936 0.081878 0.0651102 0.366021
2 0.454742 0.324344 0.0297861 0.0284471 0.355826
2 0.16603 0.493346 0.121046 0.117551 0.342433
2 0.129455 0.626871 0.0523201 0.108186 0.313311
2 0.240224 0.430358 0.0703443 0.067856 0.300474
