2 0.213775 0.706904 0.220009 0.173984 0.88879
2 0.497296 0.66566 0.212535 0.229129 0.828298
2 0.648327 0.408765 0.0868319 0.0920576 0.607259
3 0.543714 0.399612 0.0407486 0.0699849 0.486086
2 0.756574 0.571315 0.235124 0.271192 0.436818
3 0.169376 0.59027 0.0952865 0.0925706 0.42014
0 0.164251 0.559823 0.0506957 0.0924704 0.398921
3 0.453362 0.483679 0.055506 0.0867439 0.395072
3 0.176678 0.400002 0.0528524 0.0563507 0.394202
0 0.446655 0.334838 0.0183652 0.0628783 0.381244
0 0.86623 0.652064 0.0548172 0.127533 0.360676
0 0.543675 0.397606 0.0403161 0.0735655 0.359076
0 0.439824 0.426105 0.0504522 0.0719507 0.328549
2 0.712636 0.32625 0.0914779 0.053398 0.32388
0 0.343688 0.481391 0.0508757 0.10026 0.320181
3 0.152823 0.605948 0.0614714 0.0656012 0.316071
3 0.347886 0.483206 0.0644127 0.106029 0.313692
