2 0.411168 0.422926 0.0662933 0.0684661 0.702178
2 0.415601 0.536511 0.110927 0.154844 0.660228
0 0.390936 0.690347 0.0452593 0.107572 0.58423
3 0.260061 0.441282 0.0244489 0.0548674 0.578937
0 0.317573 0.509595 0.0286021 0.0923089 0.558576
2 0.858235 0.402254 0.0747128 0.0532557 0.551328
3 0.601623 0.573132 0.0450276 0.0920644 0.523197
3 0.793571 0.56239 0.0409398 0.0744085 0.48088
3 0.241244 0.527853 0.0364441 0.0892886 0.433963
3 0.528554 0.47616 0.029335 0.0584385 0.433301
3 0.296592 0.573989 0.0315857 0.0638334 0.391708
2 0.297232 0.349092 0.0405631 0.0399838 0.382651
3 0.347423 0.409708 0.0195565 0.0577395 0.377351
0 0.819157 0.501711 0.0263157 0.0557038 0.361081
3 0.484554 0.480944 0.026569 0.0665523 0.323074
3 0.484462 0.491231 0.0266215 0.0470166 0.319385
0 0.493366 0.76314 0.0273495 0.0655887 0.314226
