2 0.536543 0.445573 0.0413129 0.0524149 0.707789
2 0.461428 0.425233 0.0283852 0.0373954 0.626839
2 0.489528 0.401098 0.0239431 0.0313983 0.617288
2 0.496864 0.548405 0.0487606 0.0745829 0.616898
2 0.5247 0.399561 0.0270475 0.0291989 0.526517
2 0.879572 0.525881 0.0308203 0.0334247 0.498036
2 0.703896 0.578595 0.0272562 0.034678 0.458358
7 0.580636 0.747401 0.093803 0.0938564 0.408472
7 0.138729 0.68909 0.0702127 0.207003 0.367029
2 0.699262 0.57387 0.0378611 0.0453658 0.339093
58 0.780877 0.657959 0.019978 0.026558 0.307222
