2 0.781111 0.528538 0.0855925 0.0811241 0.528644
2 0.76923 0.527063 0.0610223 0.0819803 0.459407
0 0.248356 0.753002 0.0555682 0.0855825 0.374404
3 0.875736 0.641606 0.0363939 0.0633385 0.366483
0 0.565318 0.604823 0.0283841 0.0653772 0.355449
0 0.186907 0.626099 0.0506787 0.111271 0.343414
0 0.327938 0.504716 0.027802 0.0697603 0.340652
0 0.188618 0.615753 0.0428206 0.0874021 0.321011
3 0.554271 0.718372 0.0435196 0.0657734 0.317603
3 0.17621 0.653815 0.0389348 0.0688981 0.315413
0 0.379114 0.622827 0.0343854 0.0842887 0.30779
2 0.505432 0.352739 0.0229134 0.0386836 0.307422
