2 0.5534 0.571905 0.121877 0.122954 0.867533
2 0.565686 0.473449 0.102434 0.103993 0.836158
2 0.812904 0.757617 0.165 0.0747921 0.773703
2 0.39563 0.514469 0.0977158 0.13313 0.74501
2 0.611131 0.45095 0.082823 0.0720636 0.698196
2 0.391417 0.404379 0.0604216 0.0631717 0.694537
2 0.290784 0.358572 0.0407009 0.0508661 0.687514
2 0.460236 0.398655 0.0623331 0.0585454 0.665868
2 0.352606 0.36111 0.0455386 0.0551498 0.572558
2 0.26196 0.322266 0.0352873 0.0408536 0.533699
0 0.748234 0.663466 0.0540787 0.0911832 0.508329
2 0.316365 0.303744 0.0434288 0.037104 0.444241
7 0.516105 0.372185 0.0839103 0.0934031 0.429267
2 0.236699 0.295584 0.0301296 0.0274296 0.424511
2 0.629937 0.415334 0.0816735 0.0666246 0.366123
2 0.397624 0.356267 0.0556449 0.0481339 0.329072
2 0.466115 0.398531 0.0485113 0.0516081 0.325943
2 0.408179 0.358048 0.035515 0.0443789 0.301022
