5 0.789629 0.520888 0.213129 0.276263 0.876934
2 0.482291 0.63281 0.0852761 0.149654 0.721658
2 0.344951 0.585295 0.0987576 0.140417 0.686411
0 0.325536 0.759586 0.0349362 0.0697004 0.540497
0 0.450734 0.758818 0.044403 0.0756236 0.529869
2 0.417031 0.402695 0.0411569 0.0503063 0.438337
2 0.504134 0.507732 0.0659076 0.0969008 0.431419
2 0.231993 0.434172 0.0660861 0.0624888 0.429627
2 0.14631 0.511698 0.085892 0.118952 0.381112
2 0.36775 0.497331 0.06432 0.10433 0.36306
2 0.373022 0.472524 0.0526941 0.057192 0.359421
2 0.374887 0.46485 0.0446067 0.0414274 0.343071
