2 0.650169 0.532033 0.127173 0.125171 0.873851
2 0.427876 0.441964 0.0702267 0.0733505 0.819037
2 0.498878 0.508884 0.107013 0.108196 0.780085
2 0.829811 0.599942 0.132231 0.121695 0.712065
2 0.691606 0.688116 0.224712 0.217848 0.692232
0 0.421203 0.760258 0.0350664 0.0724809 0.645974
2 0.579499 0.424473 0.0806358 0.0646215 0.631606
2 0.526052 0.45353 0.0746601 0.0740979 0.6094
2 0.701482 0.486553 0.11408 0.113242 0.593598
2 0.837805 0.707046 0.117079 0.13154 0.569845
5 0.28792 0.306608 0.100234 0.0916915 0.556149
2 0.727422 0.468155 0.143048 0.0950412 0.55182
0 0.651657 0.760414 0.0447596 0.0736215 0.531015
2 0.461753 0.403507 0.0626094 0.0581603 0.51165
0 0.291188 0.733226 0.0453875 0.122161 0.495234
0 0.363657 0.706585 0.0407777 0.104103 0.474846
2 0.623367 0.41437 0.0723668 0.059998 0.440167
2 0.453866 0.351407 0.043988 0.0453052 0.438969
0 0.346494 0.771749 0.0362374 0.0500677 0.41327
2 0.867751 0.541808 0.0568127 0.088358 0.412312
0 0.353834 0.63349 0.0383639 0.0926641 0.377169
5 0.379183 0.37422 0.0770816 0.0957112 0.362323
0 0.289397 0.714481 0.0404429 0.0825958 0.309706
2 0.382252 0.308553 0.0499694 0.0476515 0.30444
