2 0.352022 0.529422 0.118873 0.111402 0.81902
2 0.362838 0.726894 0.214109 0.133114 0.773944
2 0.508955 0.408945 0.0503332 0.0534286 0.773605
2 0.515938 0.557583 0.0988285 0.119948 0.635696
2 0.630949 0.376005 0.0265522 0.0265358 0.579775
2 0.572174 0.467042 0.057749 0.076609 0.566209
2 0.60203 0.42191 0.0330703 0.0429354 0.516404
0 0.568253 0.757819 0.04808 0.0775374 0.487305
2 0.689755 0.396594 0.0384361 0.0331796 0.39786
0 0.62219 0.532513 0.0276907 0.0744972 0.396763
2 0.570447 0.346641 0.02369 0.0184865 0.317044
