3 0.204327 0.629004 0.0928864 0.101868 0.761585
3 0.828581 0.707543 0.0739946 0.154423 0.559241
0 0.201347 0.593369 0.0490898 0.0948159 0.558107
3 0.661368 0.740611 0.0612728 0.0810424 0.468941
25 0.439536 0.304334 0.0758097 0.0362943 0.453359
3 0.387524 0.473882 0.0543222 0.0786352 0.453202
2 0.642949 0.410224 0.102869 0.0981531 0.451622
0 0.120605 0.359429 0.0354063 0.107405 0.43881
3 0.413895 0.391894 0.0493642 0.0522726 0.42681
3 0.784177 0.330111 0.0293609 0.0402559 0.409976
3 0.518019 0.427524 0.0404537 0.0596319 0.376124
0 0.717278 0.332058 0.0164973 0.0299256 0.37255
0 0.523501 0.398326 0.033639 0.0561694 0.36872
