0 0.742668 0.676471 0.0372677 0.074519 0.599764
2 0.284993 0.318185 0.0546188 0.0822613 0.564434
0 0.639061 0.465422 0.0242545 0.0652246 0.485524
2 0.695517 0.720934 0.255339 0.143406 0.465852
3 0.802682 0.412867 0.0565905 0.0638737 0.456413
0 0.735096 0.675022 0.051366 0.0727834 0.454337
0 0.286107 0.452624 0.0258483 0.0597939 0.433365
0 0.57418 0.519087 0.0336132 0.0546261 0.382878
0 0.244335 0.384607 0.0210197 0.0542822 0.339458
3 0.288788 0.615533 0.0386281 0.0774212 0.326313
0 0.216029 0.426778 0.0239915 0.0669509 0.315259
