2 0.32974 0.685078 0.182082 0.218247 0.881045
2 0.523212 0.734969 0.23542 0.114014 0.811401
2 0.582678 0.388927 0.0356858 0.0429944 0.699848
2 0.497368 0.405772 0.0459438 0.0513704 0.679125
2 0.670707 0.356217 0.0275233 0.0276427 0.64463
3 0.120201 0.680563 0.0323994 0.120558 0.51651
3 0.203277 0.574145 0.0481297 0.0871549 0.481026
3 0.308622 0.537286 0.0374893 0.0794745 0.47777
3 0.371698 0.450681 0.0323603 0.0663544 0.476668
2 0.7308 0.415061 0.0453796 0.0526694 0.457285
3 0.373408 0.463438 0.0288118 0.0449833 0.430972
2 0.559453 0.331921 0.0237587 0.0283282 0.418297
0 0.72444 0.680474 0.0455658 0.0974449 0.364877
0 0.202607 0.555519 0.0344905 0.0631187 0.349212
0 0.6549 0.562686 0.0261144 0.0581287 0.346867
3 0.841018 0.45202 0.040119 0.0596425 0.335976
3 0.517238 0.649643 0.0673813 0.0760322 0.328766
7 0.703548 0.343335 0.0378004 0.0507352 0.313087
3 0.748719 0.759045 0.0588041 0.074016 0.31108
