2 0.559442 0.437481 0.0572548 0.0578017 0.738929
2 0.336761 0.397516 0.0344242 0.0431693 0.738389
2 0.44522 0.417269 0.0473646 0.0511317 0.605528
2 0.390554 0.356801 0.0249753 0.0262212 0.522455
2 0.400023 0.432165 0.0201545 0.0486315 0.517232
3 0.200128 0.651569 0.0540561 0.0885071 0.45567
0 0.450519 0.56301 0.0253234 0.0737824 0.391223
0 0.42993 0.639403 0.0324282 0.0866059 0.384397
3 0.753763 0.5446 0.0380867 0.0461862 0.377539
3 0.455317 0.572917 0.0339712 0.0642599 0.360723
0 0.606246 0.419629 0.0186543 0.0408904 0.356645
0 0.230501 0.448132 0.017542 0.0461485 0.334723
3 0.194946 0.660747 0.0411915 0.0672596 0.324895
3 0.508047 0.636762 0.0467913 0.0997786 0.313463
2 0.460011 0.324507 0.0213069 0.0211494 0.310309
