2 0.798103 0.727628 0.194476 0.12811 0.851202
2 0.4864 0.495412 0.0850526 0.0781205 0.846165
2 0.181005 0.500734 0.0537871 0.0740258 0.843288
2 0.576214 0.578142 0.120329 0.0958526 0.836248
5 0.831649 0.603089 0.129992 0.17819 0.811766
2 0.322002 0.45635 0.0536544 0.0641123 0.632492
2 0.524741 0.462053 0.0694034 0.0605609 0.617274
2 0.414569 0.41383 0.0462522 0.0387818 0.562656
3 0.315818 0.652778 0.0336515 0.0741859 0.514409
3 0.24843 0.542464 0.0260813 0.0502576 0.513239
3 0.699655 0.569601 0.0601643 0.0656775 0.511851
2 0.621227 0.524538 0.123926 0.0909408 0.501858
0 0.379183 0.693179 0.0348701 0.0976233 0.48015
2 0.449047 0.451518 0.056247 0.0438001 0.479755
0 0.309819 0.607788 0.0280566 0.0675435 0.424419
3 0.300317 0.497852 0.0232978 0.0575682 0.314062
