5 0.798314 0.508008 0.195894 0.237036 0.867238
2 0.391289 0.620441 0.0962437 0.145119 0.763906
2 0.374056 0.737269 0.119297 0.115132 0.731384
2 0.521684 0.668425 0.0999199 0.199369 0.699355
2 0.136015 0.447111 0.0648881 0.0708064 0.582938
2 0.30061 0.549443 0.0876855 0.104224 0.56178
2 0.516224 0.547048 0.0714148 0.10279 0.480196
2 0.186241 0.466995 0.0968693 0.0821207 0.441026
2 0.34427 0.41721 0.0514491 0.0606891 0.428139
2 0.284693 0.384712 0.0479473 0.0551306 0.426343
2 0.195932 0.457307 0.0777105 0.0673118 0.415633
0 0.181999 0.706595 0.0554638 0.138737 0.377465
2 0.487698 0.409467 0.0426971 0.0751464 0.361106
2 0.426377 0.37246 0.0372449 0.0279337 0.353594
0 0.197782 0.766648 0.043197 0.0620814 0.3298
2 0.130291 0.538013 0.0535138 0.111798 0.305777
