2 0.679312 0.361401 0.0742775 0.0562808 0.75848
3 0.20433 0.669801 0.146429 0.122515 0.737216
0 0.509932 0.726514 0.0628792 0.113149 0.532555
3 0.286144 0.448155 0.0593881 0.0750277 0.52834
3 0.531934 0.608608 0.0562275 0.0899126 0.516153
2 0.734803 0.393405 0.10231 0.0664684 0.44884
3 0.470528 0.566494 0.0587574 0.0718451 0.440721
0 0.503123 0.720034 0.0479531 0.101484 0.425493
3 0.334304 0.467725 0.0575299 0.0755687 0.422098
3 0.550269 0.50179 0.0538177 0.0750968 0.395849
3 0.470852 0.380966 0.0361017 0.0470178 0.349784
0 0.658004 0.436367 0.0243496 0.0551307 0.348631
3 0.536529 0.430078 0.0548246 0.0680968 0.340876
0 0.611992 0.495694 0.0314548 0.0748241 0.317732
