2 0.50152 0.384172 0.0336559 0.0361552 0.743971
0 0.357829 0.75814 0.035731 0.0790407 0.660522
2 0.587288 0.346711 0.0298603 0.0252931 0.569887
2 0.415522 0.407615 0.0360549 0.043906 0.525514
2 0.471065 0.43049 0.0426996 0.0678119 0.512378
2 0.445901 0.368336 0.0236749 0.0302071 0.488019
2 0.469518 0.412702 0.0382876 0.0332539 0.456796
0 0.318124 0.517702 0.0219193 0.0757561 0.439052
0 0.145798 0.510226 0.0222137 0.0533271 0.434167
0 0.273053 0.703219 0.0283963 0.0855346 0.420615
7 0.59269 0.450342 0.0823783 0.114595 0.411624
2 0.714343 0.391745 0.0215674 0.0252986 0.408477
7 0.477684 0.550459 0.123979 0.199053 0.393342
2 0.612946 0.367361 0.0285094 0.0324878 0.361469
5 0.593274 0.451181 0.0829931 0.11376 0.360745
2 0.522203 0.336197 0.0217295 0.0210618 0.356091
0 0.347612 0.468618 0.0158771 0.0579311 0.307243
