2 0.661308 0.352402 0.0267888 0.0320679 0.663334
2 0.589768 0.34995 0.0271296 0.0306067 0.588137
2 0.540118 0.36132 0.0404544 0.0628581 0.582364
3 0.602888 0.441446 0.0198525 0.0485225 0.505966
3 0.42146 0.477636 0.0267193 0.0542168 0.492742
3 0.35999 0.558742 0.0363733 0.0704862 0.481737
3 0.239119 0.576265 0.0442797 0.0881157 0.476097
3 0.811275 0.510355 0.0309203 0.0790198 0.453068
3 0.402331 0.600265 0.0367218 0.0794918 0.434483
3 0.621994 0.744164 0.0544855 0.103971 0.410711
3 0.130539 0.517023 0.0491995 0.0630621 0.398086
3 0.620079 0.762758 0.0508684 0.0660052 0.379594
0 0.258645 0.517188 0.0372038 0.0674598 0.371135
