2 0.207931 0.450884 0.0835246 0.0458635 0.71383
2 0.490349 0.515106 0.0744291 0.0977679 0.693523
2 0.450717 0.409475 0.0606049 0.030251 0.534092
2 0.624675 0.411444 0.0654161 0.0478607 0.524192
2 0.413948 0.387907 0.0388956 0.0248091 0.513601
2 0.113997 0.586245 0.0207068 0.0661072 0.502863
2 0.576901 0.391825 0.0570719 0.0313489 0.476112
3 0.118351 0.696237 0.0290778 0.0835147 0.466682
2 0.312693 0.41664 0.070011 0.0378534 0.439328
3 0.342186 0.498867 0.0179779 0.0520141 0.391194
2 0.843024 0.367983 0.0495662 0.0253118 0.312391
