2 0.250348 0.631877 0.190425 0.185438 0.889707
2 0.503035 0.407365 0.0581219 0.0575152 0.737253
0 0.527943 0.558548 0.0266569 0.0717375 0.515805
2 0.577435 0.347126 0.040953 0.0409786 0.487599
0 0.438406 0.71934 0.0488034 0.0930071 0.462302
0 0.696972 0.64532 0.0338505 0.0955721 0.406275
3 0.565241 0.76032 0.0508869 0.0750269 0.393706
3 0.48675 0.633103 0.0314079 0.0916972 0.345668
3 0.670153 0.430297 0.0164072 0.0492581 0.336325
3 0.272998 0.439159 0.0495743 0.0785548 0.32703
3 0.348508 0.54341 0.0509277 0.0749703 0.326222
2 0.120457 0.616346 0.0338197 0.137577 0.3193
3 0.607348 0.708471 0.0308125 0.0663409 0.304947
