0 0.562752 0.736239 0.0466473 0.115597 0.799952
2 0.485689 0.39034 0.0336559 0.0306706 0.604845
0 0.338396 0.538859 0.0211972 0.0641761 0.505449
3 0.784733 0.622962 0.0543707 0.0786805 0.40334
3 0.630016 0.554587 0.0444145 0.0683883 0.390102
3 0.697545 0.626571 0.0412554 0.0789704 0.36195
3 0.698444 0.638033 0.0382409 0.061935 0.354553
0 0.379888 0.445895 0.0153273 0.0466969 0.342639
3 0.8811 0.65359 0.0301701 0.0548214 0.335489
0 0.461818 0.726425 0.0373942 0.101712 0.325913
2 0.512005 0.422831 0.0459129 0.0461655 0.320086
