2 0.785074 0.450377 0.0714954 0.0652627 0.866335
2 0.721745 0.396207 0.0578686 0.0487856 0.753842
2 0.827914 0.384529 0.0691601 0.0617387 0.728323
2 0.59578 0.32998 0.0403589 0.0362825 0.650558
2 0.878242 0.361331 0.037657 0.0351816 0.551436
0 0.48631 0.694145 0.0425591 0.0937038 0.535552
2 0.535981 0.345622 0.0571981 0.0413625 0.53304
3 0.139384 0.36926 0.0378994 0.0473284 0.50514
3 0.318501 0.370482 0.0341193 0.0457526 0.495008
0 0.60814 0.440931 0.0187914 0.0542817 0.456677
2 0.663402 0.333279 0.0624128 0.0353246 0.437118
3 0.48202 0.734918 0.0399061 0.0787225 0.364516
2 0.6857 0.310471 0.0281365 0.0233083 0.364023
3 0.543626 0.640113 0.0457026 0.0937888 0.360962
0 0.545662 0.629754 0.0409323 0.0821588 0.34444
3 0.367281 0.350339 0.0259606 0.0351532 0.315702
