2 0.723264 0.403924 0.0454723 0.0560153 0.649139
2 0.748966 0.340162 0.0291887 0.0309382 0.583403
2 0.498952 0.769536 0.113797 0.0518204 0.555443
3 0.356949 0.762793 0.0684609 0.0682972 0.548389
0 0.457561 0.628669 0.0417583 0.102338 0.545465
2 0.746152 0.615537 0.100591 0.168425 0.537969
3 0.364366 0.628352 0.0449761 0.0901951 0.530961
2 0.787985 0.332895 0.0252098 0.0325776 0.476157
3 0.525648 0.57974 0.0302471 0.0732803 0.441506
3 0.786133 0.471889 0.0216553 0.0603125 0.406122
0 0.532309 0.497658 0.0211773 0.0587283 0.391164
7 0.746417 0.614755 0.100054 0.168206 0.364247
3 0.58678 0.568631 0.0369778 0.0720381 0.34422
0 0.349175 0.759654 0.0353031 0.0695833 0.333063
0 0.786125 0.470749 0.0223229 0.0616189 0.31565
3 0.489897 0.682065 0.0479742 0.0840408 0.308177
