2 0.441558 0.388052 0.077186 0.0806651 0.822944
2 0.549229 0.483361 0.122367 0.144042 0.81381
2 0.850229 0.453239 0.0919718 0.0791905 0.789674
2 0.35764 0.389272 0.054731 0.0549323 0.607214
0 0.277386 0.508651 0.0255897 0.0772479 0.600777
0 0.457157 0.73622 0.0568735 0.115359 0.553899
0 0.415419 0.5296 0.0302496 0.0806095 0.544856
2 0.324689 0.312397 0.0372551 0.0399486 0.476239
0 0.259142 0.409328 0.0201723 0.0679964 0.456555
2 0.318731 0.312972 0.0500314 0.042985 0.432
0 0.338703 0.522707 0.0301403 0.0861236 0.403076
0 0.424662 0.620235 0.0460928 0.109121 0.368999
1 0.179523 0.4736 0.0360311 0.0520592 0.351324
2 0.818152 0.386096 0.0776539 0.0514651 0.324769
3 0.513439 0.712806 0.0666828 0.161666 0.321505
