2 0.391664 0.395602 0.0521806 0.0567487 0.856778
2 0.474938 0.483256 0.0879057 0.09201 0.852585
2 0.675099 0.565537 0.127956 0.123785 0.85258
2 0.58041 0.423257 0.0796719 0.0657664 0.806837
2 0.477667 0.633708 0.139549 0.202625 0.769402
2 0.709842 0.505505 0.118827 0.0975584 0.707908
2 0.694146 0.441143 0.0902478 0.0668718 0.683119
2 0.366136 0.329079 0.0459093 0.0400492 0.670436
2 0.324341 0.422338 0.0703431 0.0815794 0.638945
2 0.421908 0.360279 0.0539991 0.0529545 0.596894
2 0.53897 0.371847 0.0513004 0.0493791 0.497728
2 0.479412 0.407294 0.0719066 0.0647986 0.459211
2 0.23469 0.279232 0.0291108 0.0283602 0.393971
2 0.477379 0.358401 0.058177 0.0450402 0.329624
