5 0.557018 0.428948 0.20668 0.214168 0.816114
2 0.343328 0.45388 0.155811 0.107303 0.799011
2 0.44167 0.394716 0.109193 0.0801271 0.696188
0 0.806365 0.451074 0.0203922 0.0672248 0.527786
0 0.780431 0.447964 0.0241997 0.0586387 0.472704
3 0.607253 0.571314 0.0439256 0.0605882 0.46466
2 0.73531 0.365588 0.050845 0.0398917 0.365535
0 0.385276 0.499455 0.0320678 0.0970364 0.363979
0 0.364279 0.698563 0.0663952 0.107519 0.344305
0 0.142798 0.730896 0.0578679 0.122699 0.329409
0 0.383818 0.678077 0.0666402 0.132631 0.308091
