5 0.475378 0.354234 0.163594 0.069026 0.628763
2 0.361487 0.578077 0.122909 0.140361 0.626999
3 0.491264 0.55455 0.0263951 0.0558373 0.563298
2 0.603404 0.389357 0.0300312 0.0370119 0.534152
0 0.530172 0.735798 0.0433799 0.114143 0.51047
3 0.619958 0.6011 0.0313367 0.0408623 0.508355
2 0.566632 0.493166 0.059055 0.0765285 0.496299
2 0.503845 0.416947 0.0378464 0.0455693 0.480835
3 0.160124 0.65568 0.0771475 0.111595 0.45206
7 0.56657 0.493062 0.0592306 0.0773268 0.40062
3 0.530696 0.758377 0.0446196 0.073166 0.363002
0 0.392344 0.495638 0.0248042 0.0390628 0.35612
0 0.334522 0.516772 0.0262016 0.062671 0.338473
0 0.491478 0.545284 0.0260226 0.0734593 0.33349
0 0.668979 0.590957 0.0326872 0.0789713 0.328056
