2 0.536747 0.721427 0.162182 0.149153 0.836281
2 0.493229 0.386319 0.0619722 0.0489033 0.780958
2 0.697795 0.380468 0.0565279 0.0470859 0.683948
2 0.403195 0.353501 0.0670213 0.0491397 0.675805
3 0.157931 0.467393 0.063914 0.0754457 0.569601
3 0.243651 0.432006 0.0417509 0.0574172 0.493215
2 0.23287 0.344644 0.0631454 0.0436255 0.416817
3 0.377649 0.409931 0.0325978 0.0423691 0.404794
0 0.47103 0.580144 0.0307125 0.0624701 0.388907
2 0.733384 0.293036 0.0289946 0.02849 0.375518
0 0.852567 0.485398 0.0226251 0.0553334 0.374028
0 0.773162 0.440097 0.023298 0.0445708 0.348714
2 0.874835 0.337928 0.0354231 0.0268636 0.343473
3 0.347231 0.395894 0.026735 0.0442492 0.334404
3 0.476001 0.622462 0.0558212 0.0623831 0.320705
0 0.865653 0.505321 0.0279356 0.0673561 0.319518
3 0.661764 0.473224 0.025515 0.0656883 0.316723
