2 0.437392 0.527228 0.0742498 0.0833449 0.837384
2 0.848347 0.734829 0.0965179 0.126348 0.67452
3 0.617936 0.578033 0.0231571 0.0683312 0.520749
2 0.523105 0.350423 0.0301979 0.03026 0.501812
3 0.495757 0.689616 0.0372293 0.100935 0.483735
3 0.292953 0.464742 0.0235569 0.0557967 0.478383
2 0.818276 0.637355 0.149462 0.117938 0.460931
2 0.795476 0.56901 0.154279 0.0943579 0.358453
2 0.504858 0.401321 0.0229519 0.0294031 0.34529
3 0.472875 0.665786 0.0862318 0.110517 0.326871
3 0.452039 0.666096 0.0433292 0.100416 0.317252
3 0.366547 0.434977 0.0182116 0.0452662 0.301685
