2 0.465175 0.48265 0.0993936 0.11269 0.863379
2 0.617508 0.622422 0.148725 0.160932 0.832443
2 0.632719 0.455385 0.102324 0.101927 0.791733
2 0.827937 0.509609 0.0975273 0.0842272 0.747584
2 0.351698 0.437767 0.072431 0.0935752 0.735797
2 0.553713 0.465657 0.100033 0.0954782 0.729813
2 0.409188 0.415763 0.0698892 0.0816413 0.609112
5 0.790711 0.626747 0.197431 0.210891 0.569814
2 0.52516 0.40318 0.0774282 0.0780788 0.531307
0 0.70837 0.757296 0.0576811 0.0735888 0.47224
2 0.852583 0.616421 0.0876437 0.127643 0.471229
2 0.432127 0.377553 0.0498279 0.043063 0.433148
2 0.79155 0.627174 0.197183 0.208552 0.422984
0 0.571847 0.72656 0.0212114 0.0563314 0.401106
0 0.529703 0.768776 0.0292515 0.0561517 0.397476
2 0.703303 0.436016 0.0990321 0.083098 0.344195
2 0.340634 0.345264 0.0421987 0.0465116 0.339165
