2 0.539392 0.642917 0.206288 0.217837 0.919005
2 0.132262 0.656479 0.058099 0.152223 0.790367
2 0.415356 0.525467 0.273733 0.28474 0.679782
2 0.807376 0.323471 0.100442 0.0772506 0.572121
3 0.141506 0.401657 0.0490518 0.0362757 0.571662
2 0.646233 0.413765 0.0891323 0.0966186 0.569756
25 0.447095 0.303904 0.07679 0.0422108 0.500211
3 0.155873 0.544569 0.0847734 0.0906649 0.460783
0 0.825026 0.59601 0.0570763 0.119001 0.426644
2 0.771397 0.315021 0.0574218 0.0548092 0.411079
3 0.388988 0.36661 0.0423516 0.0565469 0.376882
7 0.415271 0.526117 0.274403 0.287689 0.360304
3 0.816203 0.632574 0.0500427 0.0776196 0.341629
0 0.150332 0.534953 0.0717734 0.108368 0.325191
3 0.140608 0.393513 0.0473048 0.0501016 0.309115
