2 0.485946 0.34109 0.0543671 0.0388976 0.681145
2 0.837505 0.345307 0.0389202 0.0307298 0.666466
7 0.727231 0.401926 0.0937796 0.0937193 0.566058
7 0.503156 0.524007 0.179001 0.206399 0.550666
0 0.755069 0.560382 0.0349711 0.0820865 0.540209
7 0.274018 0.371253 0.122152 0.0811874 0.504928
3 0.311964 0.43495 0.0391292 0.0598571 0.503112
0 0.369655 0.683172 0.045151 0.0796474 0.499199
2 0.560485 0.348086 0.051265 0.0558433 0.44433
0 0.837832 0.451222 0.023002 0.0521425 0.407997
2 0.559872 0.35594 0.0492754 0.0424034 0.368624
0 0.76766 0.473964 0.0242966 0.0546592 0.351805
2 0.575822 0.414799 0.0801439 0.0594533 0.349932
0 0.808128 0.489662 0.0252078 0.0677828 0.32039
3 0.830222 0.567035 0.0380783 0.0753775 0.320206
