2 0.758271 0.570151 0.122093 0.0962228 0.843742
2 0.1932 0.729876 0.179803 0.135366 0.749162
2 0.348076 0.559198 0.102886 0.136687 0.651785
2 0.536065 0.418774 0.0343572 0.0366271 0.482912
0 0.545763 0.566533 0.0242374 0.068243 0.41121
2 0.866789 0.571526 0.0582238 0.0676406 0.378406
0 0.357436 0.457095 0.019672 0.0647116 0.370298
2 0.430878 0.393189 0.0326954 0.0351724 0.365747
3 0.498681 0.596758 0.0258019 0.055912 0.332305
0 0.453453 0.514095 0.0223075 0.0624341 0.327732
2 0.427387 0.339297 0.0188312 0.0224705 0.316328
