2 0.66749 0.73677 0.100546 0.111862 0.749677
2 0.371693 0.678802 0.0825791 0.118929 0.683942
2 0.482186 0.637464 0.0743799 0.140997 0.657179
2 0.492987 0.764886 0.0985864 0.0583969 0.554268
2 0.41308 0.52959 0.0531204 0.0661014 0.504963
2 0.527475 0.536393 0.0454453 0.0587016 0.465503
2 0.356279 0.51762 0.0507044 0.0577094 0.392307
2 0.421806 0.47658 0.0471289 0.0519887 0.378661
5 0.586947 0.484132 0.0635524 0.0955074 0.349583
5 0.566933 0.440206 0.0476894 0.0669473 0.343549
7 0.647757 0.668318 0.121419 0.198631 0.342572
2 0.469781 0.569185 0.0558212 0.0950748 0.340404
