2 0.502261 0.706403 0.137796 0.178236 0.756581
2 0.60206 0.539691 0.0855927 0.0807217 0.719512
2 0.452871 0.498758 0.0843331 0.0676042 0.679178
0 0.379491 0.733862 0.0331337 0.112078 0.633554
2 0.652641 0.517037 0.0848823 0.0709218 0.572473
5 0.765848 0.65667 0.21581 0.221792 0.554187
2 0.268996 0.473783 0.0388752 0.0410166 0.550923
0 0.287527 0.762253 0.0365188 0.0630619 0.507114
2 0.351255 0.453103 0.0888267 0.0499328 0.472295
2 0.443159 0.41588 0.0408357 0.0424543 0.458806
0 0.741489 0.518239 0.0276783 0.0606973 0.381951
2 0.351381 0.392162 0.0237341 0.0308061 0.35222
0 0.68969 0.477999 0.0210659 0.0528823 0.316417
