2 0.122602 0.470231 0.0383941 0.0855346 0.613479
7 0.379284 0.537494 0.226478 0.210717 0.582839
3 0.248189 0.755832 0.0619599 0.0760225 0.512274
3 0.149641 0.56523 0.0660272 0.0584282 0.509025
2 0.77721 0.366446 0.0326805 0.0272505 0.47662
3 0.136248 0.744061 0.0626175 0.0976882 0.474561
3 0.628992 0.776655 0.0675542 0.0388094 0.461963
3 0.755269 0.490132 0.0318094 0.0511694 0.403773
0 0.261733 0.62304 0.0441883 0.079298 0.394363
0 0.245952 0.725661 0.0481097 0.114177 0.39305
0 0.628642 0.776331 0.0681695 0.037838 0.391189
2 0.290029 0.332713 0.0762393 0.0493465 0.38442
3 0.668279 0.551995 0.0298991 0.0657627 0.382591
0 0.356156 0.731351 0.0484696 0.106851 0.360057
7 0.253865 0.302944 0.0678351 0.0590988 0.352665
2 0.836565 0.371728 0.0281559 0.0255522 0.351264
3 0.132405 0.664773 0.0566391 0.103725 0.350969
3 0.198942 0.540397 0.0538375 0.0637152 0.313691
3 0.791167 0.429717 0.0166361 0.0374224 0.307294
2 0.400112 0.327866 0.045541 0.0344273 0.301609
