2 0.531594 0.527665 0.094277 0.0685683 0.835973
2 0.47546 0.587059 0.0983496 0.111276 0.833972
2 0.819243 0.729396 0.154294 0.131882 0.813978
2 0.693808 0.542323 0.0958956 0.0731372 0.81126
2 0.830517 0.635185 0.132914 0.109388 0.69216
5 0.426145 0.462989 0.129357 0.0945138 0.649477
2 0.63678 0.736343 0.159352 0.115258 0.607947
2 0.383539 0.355265 0.0269337 0.0353785 0.520405
3 0.308812 0.458664 0.0316424 0.0367783 0.413613
2 0.432007 0.399816 0.0437075 0.0359965 0.369861
2 0.458761 0.410601 0.0474973 0.027846 0.316411
