2 0.4592 0.745094 0.138473 0.102143 0.79548
2 0.567813 0.513799 0.0838344 0.10639 0.690073
3 0.698092 0.75236 0.0813399 0.0603673 0.492352
3 0.458763 0.500474 0.028203 0.0635119 0.461916
2 0.656794 0.403777 0.0325134 0.0369483 0.442633
0 0.401926 0.692151 0.0423778 0.0839247 0.407143
3 0.513764 0.458611 0.0212358 0.0637513 0.400574
3 0.55996 0.608898 0.0386877 0.0681825 0.389264
2 0.657321 0.36604 0.0327774 0.0333619 0.387835
3 0.377129 0.536655 0.0343249 0.0624237 0.361677
3 0.686668 0.607284 0.0315116 0.0726249 0.346936
3 0.654208 0.497845 0.0268531 0.059449 0.34381
3 0.396374 0.72506 0.0524471 0.0914938 0.313017
