2 0.758711 0.450242 0.0807858 0.051714 0.785747
2 0.592229 0.572574 0.110005 0.13639 0.614349
2 0.576877 0.412481 0.0199766 0.0353559 0.531645
2 0.172204 0.723573 0.138307 0.14551 0.52531
5 0.811541 0.67634 0.168665 0.222735 0.462434
2 0.39116 0.675341 0.0695546 0.0746889 0.434007
0 0.425014 0.476567 0.018746 0.0594449 0.428319
0 0.45638 0.497694 0.0203865 0.0582892 0.415082
2 0.337697 0.442941 0.0414917 0.0428643 0.402894
0 0.306354 0.554032 0.0275939 0.0843939 0.395316
2 0.655752 0.44987 0.0542624 0.0312651 0.361107
2 0.66004 0.446392 0.0426433 0.0240645 0.348972
7 0.811702 0.676059 0.169225 0.223869 0.330182
0 0.306178 0.543118 0.0253198 0.0634145 0.311921
3 0.306615 0.575919 0.0243353 0.0515643 0.307392
