2 0.69616 0.329522 0.033536 0.0295335 0.596996
3 0.401588 0.417097 0.0303697 0.047079 0.54169
3 0.813385 0.467384 0.0235054 0.0576758 0.524945
3 0.440896 0.394286 0.0254107 0.0454715 0.515442
3 0.744462 0.446442 0.0242096 0.0541027 0.491678
3 0.6594 0.470927 0.0241181 0.0369406 0.474995
3 0.262277 0.454101 0.0446451 0.0527235 0.396341
3 0.659779 0.459279 0.0254055 0.0597254 0.392914
0 0.262984 0.409663 0.0225309 0.0517827 0.386647
3 0.667237 0.539538 0.0393261 0.074498 0.349468
0 0.78246 0.546164 0.0334757 0.0625888 0.346314
