0 0.499669 0.74268 0.040194 0.108925 0.645508
2 0.739944 0.66238 0.121998 0.215291 0.594693
3 0.384532 0.748775 0.0580762 0.0930667 0.538929
2 0.778037 0.415711 0.0515941 0.0568702 0.493441
3 0.704199 0.444488 0.0196901 0.0559723 0.479173
3 0.61746 0.546259 0.0353575 0.0678728 0.474077
3 0.293307 0.740118 0.0812539 0.11343 0.450163
0 0.632421 0.647172 0.0341783 0.0991511 0.445292
2 0.61851 0.342529 0.0524578 0.0301138 0.436292
7 0.74039 0.345681 0.0331882 0.0582558 0.42576
0 0.384766 0.698873 0.0484955 0.113755 0.380632
3 0.568395 0.502475 0.0353369 0.0653071 0.354504
3 0.54327 0.605379 0.0398628 0.0587273 0.354222
3 0.573301 0.501363 0.0261736 0.0625919 0.352325
3 0.21862 0.686763 0.0783315 0.0897371 0.345296
3 0.411557 0.595282 0.0291155 0.0585575 0.312902
3 0.471198 0.632442 0.0359125 0.0583675 0.310521
3 0.613622 0.551966 0.0407875 0.0608891 0.305224
