2 0.272772 0.395562 0.0989324 0.0588058 0.791864
2 0.516589 0.474224 0.109616 0.0842088 0.600195
0 0.29156 0.763098 0.0494545 0.0658265 0.594963
0 0.865268 0.431541 0.0264138 0.0449331 0.483058
3 0.737657 0.513225 0.0480985 0.0633463 0.455792
0 0.580092 0.451708 0.0316747 0.0594108 0.445073
3 0.870652 0.630368 0.0508545 0.0680505 0.440435
0 0.371012 0.718145 0.0428613 0.127793 0.390249
3 0.579536 0.453689 0.0317568 0.0587956 0.388396
3 0.373238 0.719936 0.050787 0.128049 0.343728
0 0.669248 0.517902 0.0425278 0.0625811 0.339046
3 0.473298 0.548478 0.0610814 0.118832 0.318319
3 0.783023 0.384279 0.0353912 0.0392571 0.311662
3 0.368703 0.73796 0.0338471 0.0908052 0.305558
