2 0.573745 0.476334 0.117795 0.0942913 0.750851
2 0.250576 0.614473 0.296663 0.218361 0.747111
5 0.198756 0.44248 0.189232 0.21334 0.726541
2 0.704865 0.426077 0.0846835 0.0671788 0.715427
7 0.586252 0.3606 0.158532 0.134469 0.70685
2 0.775655 0.328764 0.0456433 0.0353496 0.587061
0 0.68476 0.644189 0.0514944 0.0940471 0.564919
3 0.533089 0.663234 0.0702957 0.0948466 0.561222
3 0.454947 0.628933 0.0717747 0.0936518 0.526848
3 0.680912 0.691507 0.0573589 0.0916094 0.478687
3 0.631977 0.555399 0.0450922 0.0999327 0.46244
3 0.692171 0.51698 0.0427496 0.0860647 0.457763
3 0.418462 0.408459 0.0402015 0.0580217 0.451691
0 0.45925 0.587672 0.0483826 0.0885247 0.434672
3 0.221313 0.762097 0.0855172 0.0700714 0.419152
0 0.551571 0.56301 0.0427788 0.0888973 0.405207
0 0.220971 0.760966 0.0867373 0.0717721 0.383611
0 0.456284 0.577341 0.0382681 0.0666239 0.349694
3 0.745444 0.547904 0.0426015 0.0932451 0.302899
