7 0.431505 0.510331 0.102845 0.124805 0.682614
2 0.228023 0.376854 0.0374147 0.029309 0.644422
2 0.398219 0.369956 0.0499955 0.032373 0.596656
3 0.327759 0.770727 0.0413973 0.0514951 0.564965
2 0.601171 0.360402 0.0545571 0.0319036 0.540414
3 0.656268 0.480334 0.0453932 0.0550923 0.539061
3 0.876228 0.536074 0.0386067 0.0573281 0.538604
3 0.797511 0.505277 0.0596189 0.0646135 0.521327
3 0.17978 0.57862 0.0284432 0.0698107 0.512389
3 0.202511 0.710448 0.0359333 0.0760195 0.487257
2 0.283808 0.411923 0.0640813 0.0404736 0.484189
2 0.485675 0.349075 0.040779 0.0292266 0.475438
3 0.250931 0.665349 0.0322707 0.0683651 0.43854
2 0.85254 0.374185 0.0750103 0.0399292 0.425722
3 0.12978 0.621997 0.0316336 0.0672116 0.38182
2 0.114257 0.402398 0.0219545 0.0329367 0.374798
2 0.815837 0.332152 0.0256207 0.0226419 0.374667
2 0.329248 0.376507 0.0399772 0.0473596 0.369816
3 0.247518 0.546851 0.0240453 0.0674974 0.357159
2 0.300713 0.365548 0.0238741 0.0221236 0.338983
3 0.740668 0.497561 0.0463381 0.040043 0.307449
0 0.199346 0.659334 0.0358702 0.0580378 0.303422
3 0.250762 0.650181 0.033304 0.0954077 0.301083
