2 0.516711 0.664903 0.0947468 0.145925 0.760806
2 0.407926 0.393023 0.0255648 0.0310898 0.754084
2 0.431241 0.458471 0.0428257 0.0572973 0.719598
2 0.684289 0.5394 0.105317 0.102078 0.684288
2 0.443845 0.368853 0.0257189 0.0295983 0.5078
2 0.524551 0.347083 0.0275242 0.0199117 0.472509
0 0.222484 0.445726 0.0149849 0.0388034 0.466641
2 0.471635 0.39282 0.0372665 0.0559777 0.449206
3 0.150863 0.58484 0.0317628 0.0624638 0.410979
7 0.471089 0.391549 0.0365486 0.0575449 0.397015
3 0.306307 0.646384 0.026792 0.0524996 0.33484
7 0.617059 0.372894 0.0452002 0.0415673 0.333788
0 0.304465 0.614319 0.0286159 0.06744 0.306626
