2 0.559171 0.707351 0.286459 0.174059 0.902591
2 0.381078 0.511524 0.153917 0.10255 0.80976
2 0.656733 0.397926 0.0676741 0.0635611 0.749374
3 0.211814 0.464243 0.0690253 0.0499671 0.63009
5 0.8061 0.531679 0.181676 0.236879 0.62456
3 0.261636 0.632862 0.0979665 0.093794 0.507689
3 0.36871 0.432697 0.0578784 0.0662034 0.462538
3 0.490233 0.482787 0.0679379 0.0822127 0.452554
3 0.574282 0.480235 0.0781873 0.0705401 0.430507
25 0.178037 0.315199 0.0498068 0.0275642 0.42146
3 0.325418 0.360404 0.0301426 0.0468183 0.396071
0 0.274018 0.61458 0.0457142 0.101534 0.383768
0 0.263915 0.616326 0.0591496 0.100005 0.377749
2 0.139725 0.560701 0.0719429 0.12611 0.365546
2 0.65335 0.351974 0.0532021 0.0428311 0.319138
2 0.72827 0.316235 0.032056 0.0274112 0.311329
3 0.163424 0.698611 0.0726558 0.069414 0.30482
