2 0.331349 0.655143 0.124503 0.138077 0.885115
5 0.147278 0.554584 0.0863518 0.17444 0.801165
5 0.381124 0.408365 0.0488994 0.0926529 0.78484
2 0.122696 0.69454 0.0383264 0.129267 0.682271
2 0.435753 0.503663 0.0484509 0.0644527 0.634875
0 0.829097 0.751229 0.0479929 0.0899864 0.615404
0 0.607043 0.521849 0.0201987 0.0576934 0.5832
0 0.742181 0.681799 0.035693 0.101489 0.551043
3 0.583855 0.433364 0.0166154 0.0379482 0.534425
2 0.398623 0.563784 0.063639 0.0838255 0.502231
5 0.44038 0.427609 0.0547627 0.0860765 0.497666
2 0.198743 0.760708 0.189592 0.0678695 0.470944
5 0.383205 0.342826 0.0390976 0.0396315 0.45971
2 0.424908 0.370488 0.0247753 0.0337081 0.409527
2 0.519784 0.40355 0.0293806 0.031794 0.391426
3 0.497695 0.610509 0.0330734 0.048971 0.387693
3 0.223002 0.488845 0.0267561 0.0529106 0.370446
0 0.519384 0.675756 0.0325209 0.0750573 0.370101
3 0.498516 0.598107 0.0333706 0.0692405 0.344977
2 0.395723 0.578359 0.0578767 0.0582186 0.330628
0 0.551048 0.477919 0.0174179 0.051186 0.308323
3 0.516222 0.713763 0.0313402 0.0578288 0.301989
