3 0.709697 0.639726 0.0805315 0.0810929 0.64487
3 0.331731 0.44304 0.052218 0.0555626 0.562265
3 0.787685 0.634973 0.0819371 0.0724691 0.555009
3 0.327706 0.538776 0.0550954 0.0865097 0.489522
3 0.118023 0.580914 0.0282874 0.0701601 0.476216
3 0.198898 0.524557 0.0535087 0.0827721 0.394423
3 0.121362 0.4947 0.0324467 0.0675725 0.390863
3 0.581075 0.561976 0.0673331 0.0766148 0.385595
3 0.469249 0.534285 0.0533447 0.0684178 0.362874
0 0.45481 0.493532 0.0269484 0.0669191 0.327652
0 0.576716 0.526852 0.023583 0.0611419 0.30817
