2 0.790148 0.523391 0.147835 0.102742 0.869324
2 0.306727 0.340436 0.026944 0.0314145 0.757089
2 0.26649 0.643575 0.0995298 0.185184 0.660651
2 0.878823 0.485496 0.0347187 0.0646775 0.482594
3 0.650157 0.506387 0.057729 0.0712729 0.425646
11 0.527193 0.372556 0.0228187 0.0340026 0.421234
0 0.549529 0.455017 0.0226097 0.0543073 0.410087
2 0.58038 0.30972 0.0205019 0.0313556 0.408816
11 0.526235 0.342601 0.0221284 0.0308039 0.3839
3 0.657671 0.508115 0.0431826 0.0672991 0.376732
11 0.52676 0.357506 0.0237577 0.0631229 0.326507
