2 0.495453 0.71368 0.0963881 0.163471 0.739187
2 0.412891 0.556974 0.0612173 0.0915883 0.724569
2 0.638072 0.729287 0.0950526 0.128422 0.7188
2 0.360824 0.664234 0.0832542 0.127666 0.615794
2 0.603612 0.601463 0.0707662 0.0889075 0.588099
0 0.574062 0.764476 0.0329521 0.062045 0.547338
2 0.300384 0.765596 0.111629 0.0605425 0.517219
2 0.501148 0.531391 0.0521099 0.0739955 0.503323
2 0.488731 0.608159 0.0721731 0.0955282 0.431352
0 0.306426 0.621748 0.0233522 0.0624226 0.417233
2 0.447286 0.455937 0.0382896 0.0440534 0.397077
