2 0.40437 0.609773 0.0953685 0.115222 0.717631
2 0.330038 0.406387 0.0340816 0.044644 0.633346
2 0.345829 0.366111 0.0281839 0.0343787 0.552367
7 0.488619 0.741983 0.15114 0.0995836 0.527178
2 0.399613 0.441454 0.0497324 0.056584 0.505677
3 0.645057 0.451684 0.0247014 0.0468179 0.460767
2 0.404165 0.378129 0.0281102 0.029595 0.423419
3 0.288709 0.478858 0.0455667 0.0477086 0.400446
3 0.294883 0.676992 0.0366492 0.108222 0.369988
3 0.351612 0.463343 0.0325581 0.0532051 0.369246
3 0.301474 0.674626 0.0501256 0.113999 0.329882
3 0.608429 0.455326 0.0196291 0.0444201 0.328112
2 0.403292 0.448417 0.044193 0.0431962 0.312551
