5 0.219103 0.648423 0.229249 0.293992 0.881225
5 0.587088 0.640875 0.0911402 0.251851 0.755399
5 0.456858 0.687168 0.0877045 0.19219 0.640412
2 0.508054 0.460491 0.0436568 0.0643055 0.631898
5 0.589716 0.408249 0.0432966 0.0909601 0.620345
5 0.538385 0.405568 0.039457 0.0719648 0.543178
0 0.315023 0.767793 0.0380706 0.0603225 0.531798
2 0.651802 0.534657 0.0696145 0.0900212 0.506393
5 0.765365 0.724265 0.152941 0.137661 0.484274
5 0.465907 0.546274 0.0559597 0.095412 0.462905
0 0.337439 0.694433 0.0269953 0.0808252 0.330981
