2 0.599315 0.609512 0.0936292 0.109893 0.718783
2 0.330439 0.465857 0.0492762 0.0693487 0.693869
7 0.491274 0.352269 0.0773521 0.151665 0.689906
2 0.392867 0.324712 0.0175672 0.0201077 0.669858
3 0.723609 0.506602 0.0268329 0.0506159 0.484445
5 0.491686 0.352621 0.076223 0.152573 0.471597
0 0.686807 0.554393 0.0299087 0.0726075 0.36495
3 0.619825 0.508751 0.0187461 0.0532764 0.352083
3 0.130415 0.688721 0.0416101 0.084501 0.328135
3 0.593759 0.516245 0.0219217 0.0528293 0.316145
3 0.756204 0.636872 0.0596062 0.0739455 0.314944
3 0.24631 0.54841 0.0204032 0.0440399 0.312226
