2 0.380547 0.519696 0.0939346 0.0957626 0.731862
2 0.530857 0.407928 0.0352972 0.0501315 0.667494
2 0.482483 0.429522 0.0347156 0.047467 0.656777
2 0.457415 0.474992 0.0431802 0.0570765 0.619123
2 0.60023 0.435834 0.0417214 0.0549161 0.589001
5 0.682184 0.585974 0.0959219 0.192146 0.567105
2 0.572265 0.396799 0.0270832 0.0335765 0.559372
7 0.565244 0.754512 0.086228 0.0808074 0.471197
2 0.397939 0.372318 0.0426073 0.0327099 0.408157
2 0.45901 0.3954 0.0274078 0.0380211 0.393456
2 0.664814 0.409065 0.0687706 0.0383285 0.392177
2 0.49446 0.377919 0.0265249 0.0400992 0.372499
7 0.683082 0.58722 0.0938852 0.190547 0.363917
2 0.683143 0.412085 0.0346911 0.0327092 0.321807
2 0.558206 0.363746 0.0259367 0.0280746 0.305859
