2 0.620125 0.454449 0.0636513 0.090108 0.752797
3 0.695696 0.486808 0.0226847 0.0666546 0.525956
2 0.518156 0.433325 0.051758 0.0598708 0.466598
3 0.532624 0.569638 0.0323475 0.0572561 0.392926
2 0.611868 0.361857 0.0286517 0.0318265 0.390039
0 0.634016 0.589571 0.0266746 0.0754515 0.389194
0 0.700032 0.429721 0.0250161 0.0651726 0.381937
3 0.563185 0.527292 0.0316721 0.0785658 0.3679
3 0.117273 0.43272 0.0256304 0.0463308 0.338985
2 0.715451 0.386529 0.028966 0.0353973 0.318393
2 0.638057 0.337245 0.029221 0.0255654 0.312969
3 0.638763 0.608338 0.0353552 0.0628113 0.312432
0 0.457419 0.416342 0.0115234 0.0334844 0.304791
3 0.564778 0.539979 0.0313396 0.0544896 0.30377
