2 0.711562 0.732378 0.192009 0.122228 0.852033
2 0.386185 0.499165 0.0623763 0.0878648 0.757809
0 0.280932 0.448837 0.0205372 0.0621609 0.562315
3 0.368935 0.696124 0.0417231 0.115093 0.496237
3 0.72618 0.577442 0.0474288 0.0814795 0.464038
0 0.366874 0.67204 0.0382461 0.088007 0.460804
3 0.60738 0.578553 0.0449369 0.0739233 0.424182
3 0.324538 0.476366 0.0192888 0.0564123 0.400494
7 0.818537 0.521243 0.154824 0.19449 0.377866
3 0.469479 0.384002 0.0155493 0.0364463 0.354898
3 0.507246 0.434953 0.0211838 0.0511611 0.347218
