2 0.514155 0.671206 0.124536 0.158302 0.763056
0 0.636133 0.737734 0.0462053 0.112963 0.717773
2 0.144883 0.410152 0.0393842 0.043838 0.675975
3 0.225179 0.67468 0.0675155 0.118238 0.642199
7 0.593895 0.460522 0.0699266 0.101986 0.636982
2 0.724045 0.373614 0.0623692 0.0327974 0.550563
11 0.214567 0.436049 0.0223148 0.0301729 0.544862
2 0.643993 0.344945 0.0419494 0.0288867 0.408874
3 0.558208 0.515178 0.0214593 0.0566991 0.401995
3 0.712035 0.575235 0.021887 0.0532123 0.398213
0 0.712541 0.690308 0.0366848 0.0984502 0.331591
3 0.712276 0.562458 0.0223674 0.0704581 0.313404
0 0.754881 0.584524 0.0160215 0.0604465 0.309608
2 0.607906 0.360683 0.019191 0.0278201 0.308038
