2 0.802219 0.626234 0.143682 0.121023 0.841768
5 0.341674 0.399961 0.0742181 0.128794 0.776097
2 0.643339 0.513975 0.0652186 0.0687693 0.755277
2 0.385578 0.743297 0.103372 0.103047 0.673817
2 0.543728 0.513334 0.0634249 0.0776237 0.659328
3 0.179147 0.521808 0.0238065 0.0544192 0.570183
3 0.274971 0.494534 0.0225734 0.0441771 0.477183
2 0.402848 0.304855 0.0204749 0.0285952 0.460395
5 0.491349 0.350442 0.0757694 0.159431 0.449456
2 0.737676 0.494014 0.0604198 0.0498576 0.428738
0 0.214549 0.521157 0.0247307 0.0611703 0.427595
7 0.491444 0.349982 0.0762221 0.157226 0.424305
2 0.569017 0.466257 0.0616715 0.0581711 0.42068
3 0.322256 0.54942 0.0243047 0.0543927 0.347718
7 0.676639 0.697741 0.220231 0.192568 0.332618
5 0.675818 0.696471 0.221212 0.190753 0.325902
