2 0.424822 0.367579 0.0603457 0.0244812 0.69363
2 0.327973 0.388789 0.0401854 0.0453974 0.672588
7 0.466456 0.524902 0.132181 0.140139 0.602807
0 0.26237 0.588572 0.0292721 0.0828376 0.583821
3 0.356739 0.507742 0.0329316 0.0567796 0.475085
2 0.277227 0.377618 0.0290454 0.0428965 0.455324
2 0.479901 0.348081 0.0365128 0.0214168 0.439968
2 0.249348 0.366447 0.029179 0.031182 0.423944
3 0.781263 0.50357 0.0617981 0.0522987 0.420275
2 0.225022 0.439689 0.0600928 0.0720931 0.418571
2 0.280491 0.375227 0.0394067 0.0450398 0.384392
0 0.293575 0.464442 0.0252218 0.0470853 0.378811
0 0.165434 0.579995 0.0252863 0.0791846 0.363321
0 0.498591 0.433192 0.0172296 0.0465153 0.361091
2 0.513668 0.361716 0.0482832 0.0272341 0.36103
0 0.302027 0.693326 0.0383927 0.0943921 0.346169
3 0.21375 0.639565 0.0298297 0.0530409 0.338415
