2 0.810498 0.684785 0.166976 0.132394 0.815683
2 0.632541 0.622319 0.0868897 0.114582 0.708348
0 0.501103 0.746177 0.0415043 0.098517 0.587537
0 0.658003 0.755437 0.0392961 0.0836509 0.513912
2 0.537073 0.391319 0.0321659 0.0422527 0.472182
0 0.860793 0.590647 0.0286998 0.0706702 0.4378
3 0.519957 0.486947 0.0204305 0.0545435 0.368614
0 0.291938 0.459368 0.0249225 0.0526375 0.355003
3 0.499993 0.757499 0.0414376 0.079591 0.345403
3 0.454811 0.505809 0.0254611 0.052329 0.339837
3 0.498712 0.774289 0.0389065 0.0460712 0.301169
