2 0.836875 0.73644 0.118699 0.115444 0.675959
2 0.313436 0.502602 0.204895 0.1804 0.640437
7 0.692077 0.484505 0.0958917 0.192186 0.544081
2 0.633621 0.3793 0.0710608 0.0560715 0.463322
2 0.152415 0.40064 0.0651709 0.0496018 0.453193
0 0.766427 0.429067 0.022311 0.0640093 0.451687
2 0.808618 0.335115 0.0624756 0.0561814 0.436053
2 0.801282 0.338964 0.0506489 0.0473176 0.403069
2 0.69306 0.378243 0.0915476 0.0633752 0.400706
2 0.117156 0.416195 0.0264967 0.0427886 0.366968
0 0.469071 0.385577 0.0133171 0.0380594 0.319943
3 0.765398 0.435231 0.0235 0.053025 0.317474
