2 0.607349 0.501036 0.0804369 0.0969819 0.822199
5 0.230534 0.601283 0.253072 0.287366 0.749131
2 0.556247 0.353385 0.0466385 0.0453462 0.609239
0 0.564166 0.609004 0.0244766 0.0732278 0.537841
0 0.655339 0.569292 0.0235937 0.075682 0.537421
0 0.574735 0.761625 0.05204 0.0682076 0.40801
0 0.295659 0.658997 0.0452826 0.112389 0.34597
3 0.292685 0.714334 0.0460259 0.076743 0.343311
3 0.549947 0.638373 0.040481 0.0702159 0.312754
7 0.576328 0.417451 0.0732922 0.115411 0.306656
0 0.612993 0.568307 0.0259677 0.0610938 0.303528
3 0.295594 0.699419 0.0533433 0.101394 0.303015
2 0.473682 0.365462 0.0480721 0.0634292 0.301807
