2 0.558742 0.423415 0.0315774 0.0405788 0.769628
2 0.802924 0.730635 0.187216 0.129966 0.727539
0 0.656771 0.589331 0.018072 0.063217 0.706945
2 0.513532 0.611773 0.0668621 0.11287 0.605482
58 0.698711 0.567859 0.0309228 0.0300587 0.454889
0 0.457652 0.761885 0.0335039 0.0651248 0.441738
0 0.486519 0.539824 0.0186666 0.0429591 0.439478
0 0.421411 0.559643 0.0207987 0.062002 0.424839
7 0.139803 0.690051 0.0716131 0.209637 0.363819
0 0.44904 0.592404 0.0203419 0.0610877 0.335456
0 0.370912 0.741666 0.0300197 0.0958983 0.324279
