2 0.774733 0.630118 0.17051 0.164454 0.872359
2 0.710609 0.510922 0.133764 0.091433 0.780342
2 0.646197 0.646912 0.190691 0.22112 0.77983
2 0.503238 0.535201 0.0952288 0.119086 0.775672
2 0.841981 0.604598 0.108579 0.139349 0.766808
2 0.828317 0.506847 0.134372 0.100087 0.651332
2 0.677093 0.440042 0.0916506 0.0757247 0.637333
2 0.332801 0.384753 0.0531201 0.0597396 0.592688
2 0.24674 0.293873 0.0495283 0.0516384 0.55312
2 0.408715 0.409309 0.0685021 0.0721214 0.540138
5 0.585474 0.478399 0.128692 0.167599 0.437668
5 0.468486 0.342778 0.0666061 0.0777305 0.389483
2 0.576881 0.323654 0.0395657 0.0282621 0.374851
0 0.431795 0.45731 0.0221808 0.0641748 0.359885
3 0.389493 0.461489 0.0238631 0.0467135 0.322773
5 0.531162 0.367853 0.0686264 0.0784996 0.320072
0 0.616584 0.740824 0.0500734 0.109101 0.313196
