2 0.71466 0.588026 0.147326 0.140168 0.888549
2 0.407872 0.435222 0.0667828 0.0680391 0.848836
2 0.601016 0.640561 0.1702 0.207903 0.838142
2 0.45971 0.406613 0.0710919 0.0662392 0.82815
2 0.569823 0.453936 0.0869062 0.0801877 0.78502
2 0.701517 0.439945 0.123207 0.117796 0.71728
0 0.317384 0.375965 0.0138937 0.0465242 0.539304
2 0.553588 0.404847 0.0626682 0.0501707 0.482092
0 0.269744 0.352177 0.0128164 0.0406254 0.481119
3 0.319055 0.56022 0.032324 0.0688851 0.449717
3 0.363428 0.489651 0.0260378 0.0734457 0.439796
0 0.360539 0.324327 0.0111899 0.0334948 0.326493
