2 0.375482 0.601289 0.11405 0.130492 0.801464
2 0.600823 0.372991 0.0344327 0.0350275 0.499003
0 0.682932 0.554591 0.0250315 0.069613 0.494675
3 0.448961 0.509769 0.0373785 0.0580876 0.468023
3 0.137608 0.704919 0.0686376 0.13099 0.411436
2 0.555679 0.37716 0.0209352 0.0197213 0.405564
2 0.666522 0.346689 0.0241379 0.0249787 0.377847
0 0.60107 0.438545 0.0164255 0.0441887 0.371386
3 0.502408 0.469819 0.018284 0.043986 0.336744
3 0.293854 0.558141 0.0555652 0.0827975 0.328571
2 0.122397 0.349465 0.0341286 0.0328026 0.325919
0 0.559592 0.538591 0.0221773 0.0626836 0.308677
