2 0.437796 0.388394 0.0565705 0.0586082 0.734586
3 0.181979 0.539177 0.0779388 0.0833839 0.655049
2 0.398706 0.326257 0.0363653 0.0477413 0.615028
3 0.527179 0.504225 0.0340993 0.0729376 0.526146
0 0.415634 0.623659 0.0353405 0.0875968 0.475325
3 0.414903 0.664823 0.0374668 0.0846693 0.465467
3 0.698583 0.602145 0.0525428 0.0917939 0.458032
3 0.404698 0.440787 0.0218289 0.0550232 0.443312
3 0.521489 0.750024 0.0545794 0.0863332 0.441644
3 0.806636 0.502731 0.0347192 0.0605243 0.436866
0 0.516155 0.71119 0.0419142 0.115783 0.381753
0 0.348505 0.361246 0.0175141 0.0432104 0.357942
0 0.521126 0.724245 0.0518127 0.125042 0.322171
