3 0.402398 0.698595 0.0836378 0.0915371 0.744745
3 0.502855 0.689687 0.0830425 0.101493 0.639947
3 0.305668 0.606979 0.0763987 0.0845681 0.596469
2 0.537785 0.362032 0.0386473 0.0693263 0.487623
2 0.154429 0.475467 0.101782 0.131265 0.4137
3 0.783051 0.753472 0.102071 0.0855911 0.407501
3 0.54335 0.551406 0.113093 0.0816589 0.373828
0 0.407861 0.659745 0.0392236 0.0666423 0.36361
3 0.301669 0.466541 0.0724674 0.0732731 0.347551
3 0.637716 0.609063 0.07414 0.089444 0.338881
0 0.613356 0.701297 0.0533344 0.0811719 0.329296
0 0.298778 0.575898 0.0460247 0.060229 0.323504
