2 0.810529 0.656224 0.149776 0.169322 0.812271
2 0.278297 0.442331 0.0444608 0.0625879 0.691162
2 0.569994 0.400105 0.058532 0.0402304 0.657275
2 0.57956 0.485686 0.0991607 0.0669101 0.653171
2 0.4031 0.379666 0.0430578 0.0361279 0.641658
2 0.65485 0.406112 0.0520042 0.0503101 0.633823
2 0.83824 0.434134 0.0619935 0.0613722 0.585534
3 0.63111 0.503167 0.0574879 0.0679348 0.578138
2 0.741105 0.450034 0.0601623 0.0817373 0.564029
3 0.188672 0.574467 0.0417831 0.0775815 0.548333
2 0.475099 0.394949 0.0634597 0.0474566 0.547722
2 0.778701 0.351274 0.0305672 0.0308771 0.534493
2 0.170433 0.452427 0.050575 0.0497587 0.52194
7 0.284189 0.373951 0.0383655 0.0628844 0.448185
3 0.240184 0.588227 0.0317011 0.0635478 0.391965
2 0.700084 0.332345 0.0227606 0.0222118 0.379405
2 0.115367 0.686722 0.0241671 0.101208 0.340837
0 0.214872 0.500867 0.0264736 0.0613402 0.339267
2 0.862953 0.39517 0.021244 0.0359313 0.308624
