2 0.554217 0.600825 0.104651 0.126279 0.844625
2 0.662018 0.471153 0.0530395 0.0781857 0.734355
5 0.327518 0.589336 0.201352 0.265007 0.605083
2 0.710218 0.405872 0.0372957 0.0434353 0.600142
0 0.663164 0.735791 0.046522 0.115045 0.556972
7 0.597455 0.442029 0.0616279 0.0912217 0.519533
0 0.738164 0.515505 0.0253234 0.0585425 0.509846
2 0.612576 0.356478 0.0330057 0.0288874 0.45738
2 0.637748 0.426025 0.0334644 0.0381404 0.456904
7 0.327307 0.58881 0.201311 0.265517 0.424964
7 0.516964 0.429828 0.0738939 0.107947 0.407991
2 0.733288 0.347407 0.0238052 0.024488 0.387401
2 0.55821 0.401968 0.0275737 0.0470239 0.375446
2 0.882121 0.484008 0.0284875 0.0320919 0.303567
