5 0.216184 0.46761 0.223779 0.193945 0.875821
2 0.567811 0.455155 0.0532968 0.0668318 0.743113
2 0.346728 0.757949 0.19486 0.0707235 0.725383
0 0.57599 0.729686 0.0518599 0.110825 0.681692
2 0.517328 0.407266 0.0463693 0.0498251 0.638047
2 0.601683 0.409669 0.0361327 0.0384071 0.604025
0 0.468195 0.428142 0.014613 0.0385739 0.511452
0 0.571306 0.578709 0.0310665 0.100476 0.46593
0 0.649333 0.444205 0.0148723 0.0443322 0.444883
0 0.427809 0.434132 0.0156696 0.0482758 0.39455
0 0.623349 0.447894 0.017669 0.0401558 0.391937
0 0.619685 0.529652 0.0294771 0.0782966 0.375065
0 0.368766 0.480147 0.024123 0.0681563 0.357854
3 0.333689 0.536022 0.0307269 0.0669682 0.343766
2 0.622944 0.372405 0.0225917 0.0258837 0.314192
