0 0.226041 0.737816 0.0790137 0.111823 0.69837
3 0.257593 0.473236 0.120028 0.0863017 0.646026
3 0.343456 0.608786 0.0796232 0.0845753 0.57661
3 0.432228 0.737297 0.103478 0.093821 0.515777
2 0.674094 0.368352 0.0719221 0.0553763 0.46826
0 0.623262 0.637097 0.051706 0.10114 0.446721
3 0.738617 0.558788 0.0359691 0.0800405 0.44401
3 0.229846 0.762443 0.115132 0.0663803 0.426713
3 0.431497 0.415025 0.0409866 0.0532322 0.420526
3 0.615474 0.673988 0.0660385 0.0903478 0.397924
0 0.429258 0.715925 0.0901652 0.119252 0.368258
3 0.484675 0.630454 0.0704699 0.108944 0.360686
3 0.373541 0.448307 0.0486806 0.0486386 0.351939
3 0.818804 0.414606 0.0311973 0.0518238 0.350907
3 0.576643 0.499717 0.0406531 0.0790741 0.314382
0 0.426883 0.706936 0.0709613 0.101217 0.303467
2 0.861017 0.294953 0.0308521 0.0255347 0.302085
