2 0.641361 0.394458 0.0728547 0.0553485 0.882021
2 0.454305 0.391635 0.0668039 0.0534274 0.837263
2 0.408288 0.484259 0.119169 0.0973018 0.833328
2 0.58134 0.355881 0.0459316 0.0368473 0.690604
3 0.446919 0.536619 0.0465141 0.0735776 0.547287
2 0.706035 0.389155 0.0582758 0.0560961 0.540177
2 0.744765 0.355512 0.0490029 0.0416633 0.492969
3 0.357103 0.759795 0.0630733 0.0743666 0.468143
3 0.166851 0.723942 0.0856387 0.113556 0.442572
3 0.836533 0.508962 0.02924 0.0530082 0.407901
3 0.654775 0.588103 0.0352197 0.0761042 0.404066
2 0.704316 0.382934 0.0586944 0.0395555 0.392185
3 0.127547 0.466679 0.0471018 0.0658669 0.359112
3 0.797451 0.485875 0.0361079 0.0596972 0.330143
0 0.450112 0.726821 0.0404721 0.0856643 0.322032
3 0.443558 0.754625 0.0520889 0.085782 0.303346
3 0.829556 0.407755 0.0215715 0.0441148 0.301768
