2 0.426417 0.484784 0.090222 0.112297 0.856056
2 0.792226 0.453786 0.142358 0.0886695 0.839544
2 0.85705 0.416024 0.0774265 0.0684875 0.700061
0 0.319288 0.445535 0.0206055 0.0623899 0.684254
2 0.352609 0.374276 0.0579038 0.071455 0.650535
0 0.350351 0.51371 0.0319257 0.0967655 0.575106
7 0.490273 0.421406 0.1312 0.156047 0.533585
2 0.39651 0.350539 0.044565 0.0543881 0.508609
0 0.46735 0.751373 0.0602708 0.0918945 0.447374
0 0.298844 0.610736 0.0381543 0.112897 0.446668
3 0.466766 0.751174 0.0615435 0.0902643 0.364584
3 0.268178 0.445185 0.0220337 0.0527819 0.348062
2 0.299544 0.330757 0.0312599 0.0345974 0.311338
