2 0.794968 0.404998 0.086916 0.0829929 0.85726
2 0.498919 0.565426 0.1843 0.129214 0.850306
2 0.577329 0.471078 0.127732 0.0881331 0.820158
2 0.154178 0.576742 0.100264 0.12293 0.806608
2 0.241883 0.746178 0.274013 0.0941946 0.686153
2 0.527285 0.441751 0.124502 0.0868655 0.587725
0 0.850215 0.579533 0.0404358 0.0798444 0.485257
0 0.865983 0.48953 0.0331357 0.0678263 0.406647
2 0.296292 0.292112 0.0301001 0.0318212 0.357859
0 0.1902 0.676651 0.0642238 0.0588695 0.357056
0 0.169444 0.675057 0.0216324 0.054806 0.306879
