2 0.668835 0.427607 0.117318 0.0605955 0.649692
0 0.426789 0.704513 0.0391846 0.102632 0.648672
3 0.526101 0.430221 0.0377885 0.0504476 0.62089
0 0.506172 0.751066 0.0410015 0.0896375 0.616506
3 0.734455 0.49152 0.0505589 0.0569759 0.448173
3 0.492892 0.363247 0.0303259 0.0327633 0.404911
0 0.365362 0.771035 0.037977 0.0505023 0.402218
0 0.468396 0.631021 0.0282122 0.0837021 0.389487
3 0.437177 0.376088 0.0304947 0.0389956 0.377629
3 0.507083 0.661827 0.0324205 0.0607715 0.36326
3 0.645428 0.610192 0.0352573 0.079362 0.359783
0 0.557816 0.711456 0.0431488 0.0937228 0.34352
0 0.560772 0.641414 0.0387516 0.0911416 0.335209
2 0.736666 0.338303 0.0376317 0.0441871 0.331928
3 0.688479 0.470526 0.0427265 0.0535673 0.331464
3 0.332138 0.381542 0.0428608 0.0482423 0.330874
3 0.557757 0.739944 0.0403934 0.081866 0.324839
0 0.604819 0.691591 0.0358126 0.0933174 0.323041
0 0.747951 0.707333 0.0457741 0.109556 0.32068
