2 0.34785 0.558883 0.121414 0.143868 0.863524
2 0.491949 0.656655 0.127507 0.208265 0.83775
2 0.547016 0.488286 0.072076 0.10609 0.641004
2 0.484686 0.428101 0.0665753 0.09422 0.601096
2 0.727025 0.400986 0.0383956 0.0447383 0.592244
3 0.199011 0.669039 0.0567651 0.114664 0.58081
0 0.692675 0.673232 0.0399324 0.108482 0.553348
3 0.114675 0.705823 0.0222387 0.0694013 0.530333
2 0.591466 0.362746 0.0302533 0.0379065 0.523437
2 0.704467 0.342903 0.0320786 0.0348916 0.493947
3 0.692211 0.705675 0.0375353 0.0542224 0.416944
0 0.693694 0.657784 0.0366016 0.0803589 0.393186
0 0.640969 0.671927 0.0463951 0.091709 0.361727
3 0.845748 0.505405 0.0264943 0.0553893 0.353322
3 0.435108 0.520764 0.0311485 0.0725877 0.349697
3 0.591548 0.753204 0.0468489 0.0885557 0.332881
3 0.374115 0.466659 0.0248067 0.0444279 0.327426
3 0.122101 0.607012 0.0368619 0.0892604 0.301889
