5 0.564813 0.496811 0.272239 0.184207 0.921961
2 0.217283 0.581224 0.176643 0.157956 0.855494
2 0.825727 0.488785 0.098583 0.0637288 0.796709
2 0.156946 0.407202 0.0538703 0.0715095 0.663023
2 0.347053 0.334003 0.0590451 0.0317139 0.656714
3 0.368963 0.557959 0.0505454 0.0876957 0.632733
3 0.687203 0.630155 0.054274 0.0589935 0.511559
3 0.472055 0.669733 0.0803101 0.0892826 0.509168
2 0.559104 0.338327 0.080492 0.0350231 0.480855
2 0.775078 0.444307 0.0470678 0.0494303 0.474376
3 0.75231 0.660921 0.0530102 0.0725428 0.405525
0 0.752546 0.652319 0.0527613 0.0937837 0.391981
2 0.576759 0.338432 0.0452476 0.0334664 0.387495
2 0.298744 0.32918 0.0581015 0.0302846 0.364271
2 0.544436 0.341401 0.051417 0.0313109 0.350161
3 0.283552 0.527703 0.0412086 0.0759276 0.329764
3 0.1134 0.488293 0.0195294 0.07107 0.319
0 0.451963 0.614201 0.0587358 0.102845 0.309045
3 0.368546 0.485795 0.0475561 0.059974 0.306551
