2 0.596999 0.428452 0.162826 0.130923 0.823453
2 0.554388 0.386403 0.117791 0.086308 0.69877
0 0.544333 0.531971 0.0330189 0.101542 0.516181
0 0.350205 0.663251 0.0497161 0.126822 0.496518
2 0.752934 0.313565 0.10665 0.0826704 0.464763
0 0.49138 0.555236 0.0382933 0.0879099 0.464462
2 0.779232 0.338298 0.0568924 0.0497692 0.422165
0 0.542752 0.718312 0.0543487 0.141723 0.370568
3 0.359838 0.5588 0.0737076 0.0923216 0.353422
3 0.342494 0.708464 0.0651662 0.0813413 0.344189
3 0.267379 0.564582 0.0884514 0.088836 0.342955
0 0.740214 0.54631 0.0335717 0.0818995 0.303589
3 0.194781 0.761553 0.130846 0.0715606 0.302447
