2 0.330319 0.428014 0.075385 0.0441233 0.814091
3 0.728944 0.530333 0.0626849 0.0663668 0.633014
3 0.335183 0.511288 0.0458418 0.0573513 0.596367
0 0.563098 0.774038 0.0371654 0.0446757 0.586181
3 0.47719 0.441798 0.0321199 0.0457877 0.546113
2 0.621578 0.364508 0.0686209 0.0368809 0.517859
2 0.487056 0.354557 0.039924 0.0269995 0.517024
2 0.270041 0.382296 0.0422141 0.0587348 0.493013
2 0.389394 0.399377 0.0332365 0.0351759 0.48485
0 0.21878 0.516202 0.0221213 0.0608357 0.481035
2 0.591816 0.452758 0.130354 0.0860859 0.420219
7 0.592493 0.452555 0.130949 0.0849517 0.417949
0 0.229674 0.434207 0.0226947 0.0549691 0.393956
7 0.436001 0.367209 0.067739 0.0553737 0.388175
7 0.722196 0.356145 0.0874655 0.0495308 0.362761
2 0.43616 0.367439 0.0667353 0.0545489 0.33543
2 0.553054 0.343733 0.0544332 0.0452715 0.322552
0 0.416731 0.427446 0.0216722 0.0377468 0.319372
3 0.162937 0.485038 0.0345562 0.0601041 0.308136
0 0.207156 0.439944 0.0172655 0.0468159 0.306121
