2 0.605477 0.414346 0.0756306 0.0649751 0.850618
2 0.496137 0.35746 0.0450651 0.0423742 0.630922
0 0.50203 0.770779 0.0446727 0.0485669 0.606811
3 0.619636 0.493884 0.0257602 0.0682584 0.554383
3 0.693952 0.443607 0.0416317 0.0464911 0.528441
0 0.273812 0.742932 0.0437354 0.0775843 0.467756
3 0.199179 0.55296 0.0441907 0.0828864 0.448895
0 0.619624 0.491557 0.0226359 0.0634865 0.439253
3 0.335572 0.449665 0.0260078 0.0558372 0.351746
2 0.543912 0.303727 0.0227 0.024827 0.346524
7 0.866447 0.264481 0.0582222 0.0971343 0.326436
0 0.335525 0.448808 0.0262054 0.053562 0.326374
9 0.875979 0.500412 0.0382854 0.110079 0.31126
