2 0.44189 0.666935 0.0910169 0.128085 0.825136
2 0.851238 0.702631 0.0905932 0.119804 0.792141
2 0.338425 0.462268 0.0646976 0.064439 0.690442
2 0.413912 0.469138 0.0529338 0.0600155 0.664018
2 0.505293 0.409953 0.0262938 0.0273388 0.545897
3 0.59817 0.698414 0.0279041 0.0654531 0.470603
3 0.757349 0.534045 0.0229541 0.0357735 0.457585
2 0.38457 0.370223 0.0266813 0.0450974 0.446341
7 0.507261 0.499546 0.0468556 0.0974979 0.416797
3 0.745695 0.621083 0.0313936 0.0701389 0.412483
0 0.812597 0.72145 0.0424923 0.079453 0.357046
2 0.639054 0.380113 0.0346829 0.0332136 0.355289
0 0.804627 0.448741 0.0125363 0.0414652 0.348165
0 0.758135 0.421378 0.0117145 0.0372048 0.344256
2 0.474439 0.331612 0.0183119 0.0265301 0.338198
5 0.506922 0.499296 0.0468702 0.098534 0.310792
