2 0.484034 0.45515 0.0596286 0.0764476 0.840854
2 0.498814 0.360029 0.0437669 0.0345007 0.714231
2 0.275216 0.357458 0.0284537 0.0319256 0.693056
7 0.315688 0.562148 0.104741 0.148717 0.515171
2 0.363543 0.322329 0.0174918 0.0183331 0.499983
3 0.847129 0.608648 0.0467743 0.0720403 0.482384
3 0.292099 0.451449 0.0193291 0.0538362 0.47887
3 0.640926 0.464029 0.0220591 0.0527614 0.465013
3 0.229144 0.534567 0.0353268 0.0786127 0.460339
3 0.761589 0.553061 0.0368201 0.0599722 0.442582
3 0.42628 0.524568 0.0208511 0.0490785 0.432801
0 0.292529 0.449064 0.0202849 0.0581371 0.345253
3 0.663432 0.542695 0.0376434 0.0758154 0.337408
0 0.241916 0.48409 0.0191904 0.0677163 0.335515
