2 0.43567 0.471523 0.0875725 0.0921427 0.881887
0 0.489002 0.728246 0.0561487 0.129077 0.650403
5 0.529217 0.366184 0.0449726 0.0546797 0.522245
5 0.235404 0.657169 0.264532 0.266999 0.449347
3 0.479684 0.774007 0.0408865 0.0460834 0.377064
2 0.124191 0.520259 0.0388169 0.0746395 0.369376
0 0.587025 0.495214 0.0253397 0.0662159 0.367305
3 0.456643 0.609562 0.0425303 0.0973045 0.362035
2 0.574671 0.361777 0.0241794 0.0375523 0.360849
2 0.231886 0.65789 0.253714 0.267361 0.3514
2 0.670679 0.455489 0.0495516 0.0764033 0.334576
0 0.237695 0.437277 0.0154297 0.0508047 0.329849
3 0.456382 0.621624 0.0384897 0.0762013 0.327946
