0 0.532396 0.451692 0.0181624 0.0477161 0.500358
3 0.628048 0.497025 0.0201252 0.0645777 0.485963
2 0.831923 0.71762 0.126057 0.152054 0.4856
3 0.174265 0.451549 0.0892028 0.0642804 0.419183
0 0.187966 0.578218 0.0287156 0.0809353 0.417802
3 0.472048 0.438847 0.031208 0.053497 0.406722
3 0.472816 0.447958 0.0325146 0.0357928 0.396197
3 0.54174 0.501311 0.0204008 0.0627171 0.385238
2 0.547356 0.381321 0.0630367 0.0633594 0.368028
3 0.150737 0.454518 0.0408407 0.0618268 0.364932
0 0.590797 0.537203 0.0224733 0.0599201 0.364214
2 0.288075 0.689235 0.137548 0.085797 0.35996
0 0.455468 0.383096 0.0180679 0.0288493 0.345722
0 0.592447 0.476498 0.017469 0.0479983 0.335916
3 0.363302 0.41759 0.0430827 0.0451472 0.325671
3 0.162017 0.538577 0.0698025 0.0721939 0.311402
