2 0.866944 0.503983 0.0573628 0.0866155 0.805523
2 0.131506 0.615822 0.055596 0.128301 0.79803
2 0.752134 0.442412 0.0829173 0.0600479 0.713252
2 0.287333 0.39084 0.0327006 0.0471594 0.694162
2 0.405888 0.375146 0.0541645 0.0452204 0.649363
2 0.609493 0.403662 0.0644691 0.0494826 0.511804
2 0.514733 0.385253 0.0429315 0.0433027 0.484554
2 0.550966 0.370874 0.0308914 0.0318757 0.431381
7 0.474203 0.729336 0.259569 0.123262 0.423204
7 0.354008 0.360751 0.0342343 0.0356085 0.397618
0 0.183609 0.430519 0.015835 0.041913 0.350597
0 0.661698 0.384247 0.0144617 0.0359885 0.333614
3 0.724458 0.50627 0.0261881 0.0726819 0.318546
2 0.354395 0.361815 0.0335752 0.0345656 0.303125
