2 0.202075 0.629425 0.193801 0.159602 0.876083
2 0.216076 0.484628 0.183194 0.138791 0.789273
3 0.380804 0.686636 0.104386 0.105376 0.684337
0 0.180549 0.335881 0.015488 0.0492741 0.658423
3 0.529761 0.609745 0.0782527 0.0861938 0.627011
0 0.709395 0.385686 0.0317385 0.0699659 0.606302
0 0.723012 0.534821 0.0531799 0.0933614 0.576965
3 0.407794 0.410608 0.0568861 0.0563596 0.538784
0 0.33797 0.297911 0.0161531 0.0667682 0.49593
0 0.726065 0.467994 0.0423752 0.0766163 0.460617
0 0.219676 0.40626 0.032165 0.0438389 0.45286
3 0.636258 0.416225 0.0486381 0.0607466 0.449329
0 0.530463 0.574745 0.0406185 0.0569304 0.398174
0 0.728228 0.457941 0.0367952 0.0577283 0.353865
0 0.290876 0.304925 0.0182052 0.0550283 0.351805
0 0.391257 0.675446 0.0707563 0.084234 0.33411
3 0.476997 0.374052 0.0479507 0.0547123 0.32135
0 0.382346 0.681943 0.0946013 0.095171 0.310264
