2 0.337838 0.433107 0.112524 0.0771197 0.845852
2 0.723887 0.464547 0.0848709 0.0790079 0.828505
2 0.522575 0.37599 0.0580082 0.0453513 0.75836
2 0.347231 0.759442 0.153542 0.0682333 0.545956
2 0.684276 0.329214 0.0378834 0.0406526 0.522851
7 0.329767 0.360132 0.102652 0.0756252 0.451193
2 0.771492 0.396757 0.0593229 0.0583546 0.446283
2 0.761392 0.358431 0.0369614 0.0410693 0.441047
0 0.565402 0.446046 0.0192825 0.0554103 0.433427
3 0.23723 0.427181 0.0310448 0.0408838 0.413844
2 0.636687 0.342829 0.0536259 0.04323 0.338046
3 0.853558 0.416978 0.0270897 0.0614116 0.331791
0 0.681093 0.501139 0.0215077 0.0534813 0.306309
