5 0.80564 0.401454 0.179009 0.129951 0.914953
2 0.174903 0.705295 0.144625 0.174198 0.774167
2 0.392863 0.361501 0.0337759 0.0355815 0.739926
2 0.2912 0.430381 0.0444058 0.0568418 0.637722
1 0.196561 0.543796 0.0310137 0.0668071 0.595962
2 0.452243 0.41708 0.0489363 0.0412315 0.589898
7 0.74604 0.572928 0.178045 0.173769 0.495949
2 0.358095 0.316051 0.0203314 0.0205107 0.486414
3 0.242791 0.53077 0.0330276 0.075309 0.454798
0 0.479043 0.629175 0.030315 0.0716455 0.441719
3 0.31005 0.606951 0.0382463 0.0625916 0.439324
0 0.637395 0.447843 0.0176428 0.0504324 0.383178
2 0.450633 0.410016 0.0454007 0.0503815 0.352891
5 0.532058 0.392637 0.0659872 0.082744 0.316501
2 0.606327 0.337855 0.0290153 0.0190187 0.31558
3 0.466148 0.670586 0.0601637 0.0748467 0.315421
