2 0.438321 0.548958 0.0825987 0.0974793 0.821902
2 0.38932 0.462842 0.0748879 0.0808992 0.806109
2 0.561503 0.475798 0.0907548 0.077417 0.788058
2 0.512162 0.37997 0.0356626 0.0438158 0.652003
2 0.483069 0.371927 0.0353731 0.0392291 0.627213
2 0.448956 0.393495 0.0429792 0.0489457 0.592238
2 0.207747 0.423913 0.107443 0.0655951 0.524056
3 0.291104 0.52459 0.0273834 0.063248 0.428742
0 0.477244 0.4445 0.0164809 0.0612186 0.42058
3 0.202226 0.683825 0.0610434 0.136017 0.419017
7 0.207677 0.423947 0.108144 0.065269 0.404314
0 0.466113 0.623107 0.0317398 0.085771 0.401511
3 0.186785 0.684036 0.0915283 0.138411 0.392696
0 0.502198 0.563167 0.0278248 0.0911682 0.379022
0 0.58426 0.418099 0.015797 0.060884 0.331884
2 0.778837 0.378709 0.0322557 0.0319724 0.323278
2 0.505268 0.328892 0.0304417 0.0450282 0.318775
