2 0.239018 0.484243 0.106241 0.0965212 0.854022
2 0.609811 0.621015 0.160818 0.179349 0.814819
2 0.575416 0.479667 0.110556 0.104565 0.799171
2 0.470254 0.468932 0.0846593 0.106429 0.725014
2 0.471464 0.402833 0.0662499 0.0685663 0.721193
2 0.318199 0.403577 0.0523138 0.0649612 0.609164
2 0.821056 0.631747 0.10753 0.143255 0.595475
2 0.838873 0.579846 0.116509 0.172685 0.58524
2 0.338541 0.327869 0.0305533 0.0331112 0.541236
2 0.476601 0.333883 0.04487 0.0419252 0.540303
2 0.539973 0.405214 0.0680316 0.0512202 0.520495
2 0.645502 0.422198 0.0774452 0.0689494 0.505729
2 0.29414 0.362865 0.0427575 0.0479984 0.505703
2 0.755727 0.472494 0.106452 0.0878869 0.501791
0 0.852874 0.756623 0.0324459 0.0664375 0.493721
3 0.349688 0.705819 0.0489813 0.139262 0.470051
5 0.39712 0.47947 0.0937728 0.178028 0.463616
3 0.776376 0.736008 0.0750623 0.111075 0.449239
0 0.431791 0.664675 0.0436268 0.0896179 0.444945
2 0.244539 0.30318 0.0372061 0.0305835 0.42809
3 0.436115 0.715167 0.0427474 0.0933435 0.422791
0 0.227273 0.730468 0.043902 0.0674383 0.416689
0 0.514339 0.591181 0.0430359 0.0967725 0.413523
2 0.571019 0.377016 0.0799351 0.0863773 0.409024
0 0.462776 0.572048 0.0352261 0.0541711 0.40177
0 0.287061 0.545143 0.0286352 0.0936089 0.387229
5 0.731703 0.563067 0.201172 0.232313 0.384291
0 0.227393 0.742393 0.0464888 0.0928347 0.372005
0 0.63363 0.757283 0.0502929 0.0763123 0.346074
0 0.287048 0.526643 0.0272924 0.0564548 0.335861
7 0.397411 0.479308 0.0945994 0.178552 0.331218
3 0.286939 0.565198 0.0275254 0.0609869 0.330789
3 0.227853 0.773856 0.0456363 0.0462395 0.327131
0 0.348621 0.610002 0.0307118 0.0893607 0.320016
2 0.28145 0.314907 0.0310384 0.0373839 0.318046
0 0.461699 0.589599 0.0388165 0.0900238 0.313005
