2 0.583618 0.398185 0.0424347 0.040496 0.662484
7 0.654373 0.4062 0.0552904 0.0895518 0.585936
2 0.527579 0.433346 0.0603925 0.0681494 0.530152
7 0.434494 0.74573 0.13652 0.0969934 0.504341
0 0.706479 0.536008 0.0252802 0.0722767 0.472596
2 0.43445 0.745483 0.135353 0.0957667 0.46253
2 0.881968 0.485158 0.0285873 0.0325875 0.435927
7 0.450965 0.514726 0.10743 0.11961 0.420771
3 0.59197 0.647418 0.0412923 0.073096 0.406925
3 0.285553 0.586958 0.0382078 0.0780819 0.401372
3 0.707977 0.549268 0.026447 0.0478998 0.372398
0 0.594291 0.502391 0.0274243 0.0599975 0.363739
3 0.589661 0.656363 0.0358214 0.0569567 0.332379
3 0.594656 0.504118 0.0287195 0.0584619 0.332084
0 0.700401 0.431489 0.0203896 0.0478881 0.305556
