2 0.644553 0.402362 0.0348574 0.0389743 0.710713
2 0.123386 0.46527 0.0392998 0.0642029 0.709759
2 0.503559 0.632132 0.105533 0.122568 0.678007
2 0.47102 0.745134 0.167592 0.102088 0.664798
2 0.582934 0.54236 0.0760091 0.10387 0.618584
2 0.433169 0.516564 0.089212 0.0986088 0.568375
2 0.574119 0.390755 0.0344551 0.0374746 0.537322
2 0.837281 0.740443 0.104958 0.108324 0.534389
3 0.257781 0.57317 0.0494249 0.0712531 0.511232
2 0.605307 0.362873 0.0326758 0.0264529 0.495784
0 0.664695 0.554853 0.026914 0.0669656 0.463026
11 0.213839 0.436999 0.0241855 0.0287512 0.457615
0 0.629735 0.630027 0.033025 0.0929412 0.450576
0 0.730981 0.459222 0.0173226 0.0456987 0.375499
0 0.697091 0.464062 0.017776 0.0550763 0.375092
2 0.680755 0.384609 0.0475436 0.0426853 0.337225
0 0.656766 0.459159 0.0160103 0.0465808 0.329805
