2 0.254055 0.475669 0.14955 0.0956568 0.858109
2 0.637152 0.403795 0.113272 0.0837805 0.850833
2 0.41412 0.704722 0.285044 0.175425 0.827666
2 0.407806 0.52979 0.175926 0.147126 0.578917
0 0.440682 0.547262 0.0341926 0.103894 0.505938
3 0.198987 0.506035 0.0652184 0.0772303 0.481354
0 0.505691 0.533443 0.0390055 0.102598 0.472924
2 0.654603 0.532897 0.180308 0.16534 0.450786
3 0.832027 0.584069 0.0410702 0.0921274 0.434313
2 0.123061 0.753255 0.0387136 0.0813248 0.396757
0 0.422341 0.433525 0.0396897 0.0534181 0.388423
3 0.496577 0.443049 0.0406202 0.0491006 0.386909
25 0.450071 0.30227 0.073837 0.0412969 0.380395
2 0.684532 0.65476 0.218956 0.275647 0.367264
3 0.546238 0.39871 0.0386849 0.0669843 0.36615
3 0.499571 0.429418 0.0434925 0.0730819 0.319006
