2 0.222522 0.620489 0.198501 0.183304 0.886276
2 0.64127 0.502505 0.0729307 0.0906081 0.77824
2 0.583715 0.446093 0.0582145 0.06755 0.741313
0 0.336264 0.631627 0.0395821 0.114339 0.599121
0 0.580779 0.756068 0.0641481 0.0823052 0.575274
3 0.416959 0.471416 0.0302828 0.0625997 0.546633
3 0.369951 0.446633 0.027992 0.0627398 0.516676
2 0.635754 0.371134 0.0327181 0.0401701 0.515168
0 0.364075 0.578997 0.0340671 0.0911969 0.452057
3 0.276269 0.493823 0.0465407 0.0698247 0.423077
0 0.36505 0.564219 0.0345026 0.0750849 0.414556
3 0.559877 0.612135 0.0332842 0.0506133 0.409958
3 0.139024 0.565229 0.0670791 0.101816 0.38578
3 0.669909 0.610433 0.0353714 0.0440366 0.385348
0 0.56571 0.584562 0.0323504 0.08423 0.326301
3 0.67127 0.599441 0.037345 0.0656565 0.322619
0 0.164204 0.492801 0.0413843 0.0792958 0.320979
0 0.56667 0.569398 0.02798 0.054725 0.300541
