5 0.721011 0.694868 0.158524 0.192142 0.882746
2 0.516918 0.436952 0.03464 0.0505795 0.760641
2 0.525272 0.507858 0.0467097 0.0780011 0.710838
0 0.348221 0.690583 0.0198831 0.0799373 0.613535
2 0.454313 0.651356 0.0771019 0.147103 0.585544
2 0.496988 0.396649 0.0270442 0.0345082 0.528857
2 0.567829 0.649314 0.0834268 0.159442 0.488828
0 0.456669 0.544287 0.0192791 0.0619371 0.449282
7 0.590614 0.485114 0.0577782 0.101424 0.442499
7 0.139396 0.688337 0.07052 0.207735 0.405281
2 0.553608 0.410965 0.0343252 0.0571024 0.374768
2 0.59074 0.486184 0.0585972 0.100746 0.373819
58 0.699982 0.56979 0.0355415 0.0371199 0.372712
