2 0.603571 0.515341 0.0960654 0.119797 0.789104
0 0.287001 0.638771 0.0534514 0.126246 0.66265
0 0.654525 0.706103 0.0480991 0.138171 0.596521
2 0.484176 0.493794 0.121222 0.146161 0.575277
3 0.292066 0.676336 0.0956945 0.134837 0.536719
2 0.622048 0.338491 0.0384793 0.0341503 0.488751
3 0.540514 0.418266 0.0283663 0.0619836 0.343756
0 0.706785 0.628477 0.0454642 0.112209 0.330758
5 0.804292 0.307528 0.0500383 0.0645444 0.327415
0 0.287822 0.617624 0.0486344 0.0858401 0.32056
0 0.716912 0.497251 0.0285408 0.0761192 0.310311
