2 0.480253 0.432563 0.0335905 0.0456557 0.690779
2 0.624721 0.530751 0.0631161 0.0889667 0.611332
2 0.582596 0.426606 0.0344334 0.041943 0.597482
0 0.648271 0.764899 0.0396492 0.0635854 0.583567
2 0.562044 0.359817 0.0228342 0.0277463 0.573182
2 0.470161 0.382269 0.0244888 0.0274613 0.56838
7 0.484229 0.585012 0.0920867 0.204087 0.518933
0 0.237652 0.731251 0.0342234 0.105116 0.422387
0 0.238199 0.715241 0.0320652 0.0727193 0.393359
3 0.341687 0.679148 0.0275433 0.0596295 0.36609
3 0.303487 0.614789 0.0256278 0.0701475 0.357647
3 0.347725 0.560512 0.0241228 0.0596806 0.350097
2 0.635713 0.397088 0.0453594 0.0333955 0.346418
0 0.341199 0.655825 0.0287329 0.0773315 0.329216
