2 0.426234 0.488866 0.0938656 0.0874641 0.831735
2 0.387795 0.610578 0.130494 0.175236 0.83013
3 0.326219 0.448684 0.0206478 0.0594701 0.544741
0 0.564875 0.68431 0.0367586 0.0997923 0.508553
2 0.682631 0.337582 0.0297766 0.0302602 0.505321
3 0.509676 0.503278 0.0266453 0.0630466 0.484776
3 0.495852 0.373143 0.0343205 0.0449783 0.48385
3 0.202723 0.628493 0.0541989 0.0995372 0.439838
0 0.122435 0.604857 0.0324244 0.0871605 0.414461
0 0.28271 0.430158 0.0260836 0.0726634 0.413957
25 0.156586 0.442241 0.0771972 0.0303818 0.361832
3 0.143098 0.734285 0.0783011 0.120562 0.31334
