0 0.690352 0.537081 0.0171849 0.0571034 0.630431
0 0.417164 0.696778 0.040831 0.0778046 0.569966
2 0.364932 0.396429 0.0343398 0.0438424 0.534226
0 0.340039 0.754032 0.0362813 0.0546229 0.511894
3 0.413327 0.742126 0.0574874 0.0914763 0.510631
3 0.377801 0.606171 0.0357548 0.0616031 0.447288
3 0.423648 0.565832 0.0340779 0.0525255 0.445099
0 0.650646 0.554818 0.0316978 0.075349 0.439728
3 0.759505 0.581631 0.0604671 0.0578597 0.352643
3 0.424435 0.552851 0.0341332 0.0758481 0.316058
0 0.381222 0.575969 0.027687 0.0589103 0.314457
