2 0.347729 0.511293 0.0912557 0.0789664 0.903034
2 0.225853 0.411947 0.0316401 0.0406139 0.635559
2 0.196753 0.373542 0.0434617 0.0512018 0.550481
0 0.671459 0.463577 0.0182095 0.059712 0.444523
3 0.372637 0.688917 0.0594204 0.096468 0.428714
3 0.487929 0.480087 0.0236597 0.0495181 0.426152
2 0.168518 0.401265 0.0453402 0.0479452 0.42256
3 0.273934 0.518687 0.0502838 0.058347 0.415523
3 0.545466 0.529909 0.0300385 0.0550519 0.412478
3 0.606632 0.518408 0.0228687 0.0599502 0.383033
0 0.542702 0.445125 0.0176257 0.0383418 0.37577
3 0.419766 0.558776 0.0381288 0.0730083 0.332726
3 0.420163 0.570173 0.0381054 0.0502375 0.319354
0 0.670501 0.455116 0.0163013 0.0435281 0.312701
0 0.64614 0.462398 0.0164798 0.0445909 0.30011
