2 0.651537 0.731248 0.108657 0.121444 0.756469
5 0.49898 0.617023 0.0951946 0.239854 0.731659
2 0.41148 0.575633 0.0827387 0.105708 0.691962
0 0.499462 0.772008 0.041555 0.0456782 0.67765
2 0.596271 0.622781 0.0702234 0.117972 0.623447
0 0.254081 0.733042 0.0379207 0.0944042 0.600088
2 0.581561 0.533862 0.0510218 0.0732699 0.583788
2 0.434957 0.498784 0.0422098 0.0523078 0.454403
2 0.507895 0.472954 0.0392817 0.0525299 0.443914
2 0.327512 0.774305 0.0884694 0.0405724 0.426095
25 0.232763 0.504119 0.0675478 0.0336015 0.421948
2 0.448527 0.447042 0.038003 0.0405394 0.367859
2 0.518234 0.394287 0.0223605 0.0275522 0.35107
2 0.32816 0.759038 0.0890954 0.0720904 0.323764
