2 0.696128 0.466745 0.0573438 0.0638622 0.736738
2 0.812582 0.372449 0.0412418 0.0385 0.686032
2 0.267554 0.425938 0.0392985 0.0442493 0.661184
2 0.264996 0.379866 0.030541 0.0361685 0.652267
2 0.835878 0.445303 0.0667818 0.0677452 0.629776
2 0.807147 0.525063 0.0943501 0.100256 0.575868
2 0.426981 0.37754 0.0604206 0.053639 0.550636
2 0.623887 0.412353 0.0579268 0.0546046 0.545755
0 0.769623 0.455377 0.0206951 0.0588253 0.478517
2 0.472493 0.375955 0.0369537 0.0371603 0.400906
2 0.734606 0.31254 0.0236242 0.0272898 0.398591
2 0.115473 0.477391 0.0224536 0.030761 0.368934
2 0.775426 0.357334 0.0311157 0.0284316 0.361604
0 0.156313 0.461018 0.016193 0.0499391 0.343852
0 0.161397 0.461679 0.0233206 0.0533863 0.328536
3 0.158616 0.461193 0.0237386 0.0519661 0.324422
3 0.612118 0.464654 0.0456833 0.0510241 0.306119
