2 0.202261 0.624243 0.195583 0.187578 0.905053
2 0.786802 0.350607 0.0714552 0.0567612 0.784818
0 0.419701 0.367804 0.0174168 0.0486124 0.746349
2 0.139675 0.396959 0.05789 0.0476469 0.584155
3 0.35496 0.434681 0.0484091 0.0757108 0.516252
2 0.622225 0.377605 0.0760271 0.0551866 0.497579
2 0.860791 0.300606 0.0580982 0.0587521 0.470032
3 0.437694 0.456961 0.0428442 0.063538 0.442344
0 0.825304 0.509701 0.0407 0.08175 0.439982
0 0.696806 0.466317 0.0272909 0.0612778 0.434613
0 0.394201 0.366677 0.0134403 0.0429505 0.383788
3 0.824658 0.529035 0.0451538 0.0823442 0.372791
0 0.222475 0.503349 0.0449012 0.0855587 0.349521
