0 0.146164 0.450041 0.0261552 0.101303 0.623672
2 0.631907 0.423249 0.0573541 0.0770969 0.589717
3 0.4938 0.449958 0.0322547 0.0746289 0.580452
7 0.237567 0.335532 0.091122 0.0635198 0.544811
2 0.605047 0.347388 0.0501116 0.0514763 0.508876
0 0.170326 0.457107 0.0245971 0.101442 0.4725
3 0.698795 0.669798 0.0534748 0.0827078 0.450374
3 0.454306 0.44486 0.0334854 0.0698606 0.418278
3 0.872614 0.471171 0.0471416 0.0590916 0.387284
0 0.700389 0.627945 0.0508526 0.0969989 0.387271
2 0.636743 0.370547 0.0473826 0.0415294 0.369157
3 0.557312 0.363806 0.0159998 0.0413471 0.349588
3 0.685701 0.491376 0.0302365 0.0748986 0.336545
0 0.281973 0.386431 0.0258694 0.0653188 0.335144
