2 0.698147 0.582982 0.0862345 0.0944174 0.779646
2 0.367505 0.435592 0.0376015 0.049512 0.759483
2 0.477884 0.425477 0.0406668 0.0545813 0.678159
7 0.250092 0.566893 0.149915 0.199662 0.517681
3 0.520465 0.640942 0.0287917 0.0704877 0.481822
3 0.521424 0.43167 0.0165058 0.0477908 0.443479
2 0.249859 0.566476 0.148976 0.201302 0.439726
3 0.438617 0.545489 0.0228083 0.0678764 0.424726
3 0.475411 0.756294 0.0269224 0.0584025 0.420966
3 0.4749 0.622662 0.0245201 0.0756318 0.407889
0 0.498804 0.528137 0.0194372 0.0588721 0.388147
2 0.552758 0.332064 0.0195302 0.0227519 0.378778
0 0.475838 0.612613 0.0259675 0.0840482 0.37203
3 0.498893 0.52953 0.0209836 0.0603927 0.330292
3 0.227011 0.463644 0.0622563 0.0647027 0.325956
3 0.43806 0.556077 0.022655 0.0493756 0.324879
