2 0.783571 0.575438 0.0801235 0.0908057 0.825836
2 0.802657 0.401617 0.0298837 0.0371478 0.795516
2 0.689197 0.383855 0.0262777 0.0325467 0.717917
2 0.619062 0.371894 0.0264335 0.0315977 0.714357
2 0.538145 0.448336 0.0618038 0.0857866 0.574001
2 0.123507 0.750426 0.0395518 0.0867093 0.554917
2 0.281891 0.418588 0.0835483 0.0791958 0.500514
2 0.562162 0.380313 0.029679 0.0261177 0.399696
2 0.13203 0.501684 0.0568207 0.093753 0.389616
5 0.281185 0.418286 0.0842057 0.0801393 0.328245
5 0.132329 0.499002 0.0572831 0.0961576 0.315808
2 0.632819 0.333054 0.0237768 0.0243375 0.304166
