2 0.324438 0.448557 0.0779926 0.107964 0.766789
2 0.283926 0.330629 0.0386032 0.0481789 0.742898
2 0.726753 0.740369 0.220357 0.107507 0.601641
2 0.851647 0.395147 0.0893499 0.0624084 0.58221
2 0.361049 0.36466 0.0489457 0.0483458 0.551196
0 0.240269 0.665704 0.0364142 0.100211 0.53284
3 0.41502 0.429463 0.0423034 0.0619233 0.511336
3 0.776832 0.695352 0.0878972 0.101721 0.488402
3 0.504853 0.44563 0.0292245 0.0384143 0.420657
3 0.530731 0.382523 0.0361586 0.0390665 0.409052
0 0.808672 0.467998 0.0242815 0.0662732 0.366883
3 0.262057 0.400109 0.0205109 0.0518223 0.34907
2 0.528889 0.760671 0.149763 0.0695484 0.329146
3 0.243526 0.683349 0.0344368 0.0692127 0.309424
2 0.287783 0.268463 0.0263939 0.0246253 0.30737
