2 0.580972 0.403165 0.0314303 0.0438374 0.769117
0 0.431369 0.749366 0.0345749 0.0915569 0.709527
2 0.485034 0.454697 0.0423479 0.0615752 0.666177
2 0.477566 0.375225 0.0252674 0.0316288 0.620794
2 0.397786 0.381037 0.0493608 0.0339783 0.579955
2 0.618946 0.482145 0.0495064 0.0667846 0.562268
7 0.682023 0.653153 0.104237 0.164134 0.5335
2 0.514685 0.397312 0.0321604 0.0374994 0.497433
3 0.589499 0.678728 0.0290595 0.0645146 0.444372
2 0.449474 0.419855 0.0265156 0.0269059 0.383818
3 0.430241 0.5362 0.0202058 0.058043 0.338864
2 0.564041 0.368589 0.0262341 0.0259539 0.331339
0 0.535326 0.735165 0.0332232 0.0881409 0.330025
0 0.367142 0.58545 0.0202577 0.0692546 0.325075
0 0.437431 0.623236 0.0285389 0.0547393 0.315207
0 0.219287 0.497975 0.0189598 0.0585255 0.313013
3 0.436567 0.664001 0.0308676 0.0648396 0.304791
