2 0.579012 0.640427 0.171912 0.172555 0.888865
2 0.422822 0.584637 0.118158 0.173715 0.804426
2 0.691025 0.482133 0.115812 0.110922 0.784242
2 0.464493 0.477382 0.0908817 0.0965281 0.781136
2 0.496862 0.424686 0.081533 0.0739253 0.731272
2 0.589261 0.477464 0.118019 0.136037 0.722339
2 0.358769 0.461216 0.0798111 0.100454 0.682129
2 0.844468 0.693837 0.103124 0.171261 0.655847
2 0.598784 0.7591 0.148203 0.0728603 0.576871
2 0.396182 0.410263 0.0690787 0.0621625 0.529941
2 0.328579 0.398862 0.046576 0.0557152 0.528487
2 0.608411 0.393711 0.0819603 0.0689755 0.46091
2 0.778376 0.587544 0.0570673 0.0672768 0.427476
3 0.721659 0.672414 0.060426 0.116984 0.416668
0 0.481713 0.746707 0.0505536 0.0998374 0.413276
2 0.301322 0.36537 0.038909 0.0510934 0.388174
0 0.47933 0.730034 0.0480288 0.0681958 0.353319
2 0.328649 0.312815 0.0508522 0.0457594 0.334177
0 0.264217 0.361033 0.0164859 0.0542518 0.325445
2 0.373809 0.379419 0.0509567 0.056352 0.305698
