2 0.435688 0.599436 0.124805 0.157721 0.804822
2 0.802671 0.56615 0.155037 0.136851 0.773108
2 0.492927 0.428241 0.0715343 0.063883 0.752378
2 0.376299 0.499636 0.0960821 0.124136 0.726299
2 0.651669 0.470679 0.098823 0.0943353 0.679169
2 0.431415 0.468026 0.0914194 0.0950289 0.65825
2 0.578213 0.487487 0.128946 0.100021 0.640944
5 0.593836 0.382874 0.118155 0.1037 0.600131
2 0.44299 0.475375 0.0659226 0.0832825 0.519219
0 0.25444 0.705985 0.047423 0.0932158 0.506081
2 0.302983 0.357495 0.0412511 0.0518361 0.500032
0 0.254578 0.724614 0.0494113 0.13162 0.48329
2 0.755078 0.626796 0.199991 0.191581 0.475349
2 0.328809 0.398757 0.049598 0.0654848 0.468652
2 0.431502 0.379358 0.0488562 0.0528292 0.423362
2 0.388285 0.39593 0.063873 0.0552382 0.383892
2 0.280734 0.313409 0.0420095 0.0388056 0.361176
0 0.52395 0.746498 0.0498274 0.0953034 0.353418
2 0.393929 0.402445 0.0526393 0.0497267 0.326379
2 0.56544 0.413499 0.0781805 0.0698663 0.309536
3 0.414178 0.733227 0.0450581 0.0867094 0.305895
