2 0.698934 0.485454 0.0452944 0.0591214 0.772464
2 0.334469 0.48657 0.0770846 0.0751688 0.496935
7 0.379156 0.383316 0.0617777 0.0554285 0.49013
2 0.11964 0.484119 0.0314916 0.0638548 0.470029
5 0.55812 0.38162 0.0402002 0.0530006 0.467463
2 0.651442 0.355879 0.021176 0.0283147 0.466345
0 0.815678 0.441999 0.0127702 0.0380087 0.447629
2 0.620597 0.367708 0.0233699 0.0211056 0.418744
2 0.568203 0.423694 0.0354127 0.0403685 0.377585
3 0.842828 0.624014 0.0365711 0.078843 0.3738
0 0.836466 0.435085 0.0135197 0.0430343 0.345254
0 0.838481 0.433131 0.0152783 0.0421042 0.318642
