2 0.644391 0.568484 0.109227 0.11358 0.787867
2 0.650802 0.75162 0.134166 0.0886008 0.781528
2 0.372302 0.467523 0.073176 0.0552557 0.67835
2 0.550905 0.440736 0.0377469 0.0582906 0.64954
2 0.457519 0.51107 0.0634378 0.0770707 0.606691
2 0.317203 0.435862 0.0647631 0.0404374 0.530991
2 0.437481 0.456555 0.066614 0.0582729 0.505071
0 0.174229 0.501557 0.0215712 0.077529 0.473187
2 0.61749 0.430488 0.0356932 0.0394451 0.453207
2 0.828945 0.385303 0.0562409 0.0318482 0.436813
2 0.622686 0.383907 0.0693207 0.052395 0.379622
2 0.632693 0.419536 0.0524517 0.0465793 0.353954
