2 0.859835 0.671607 0.0731234 0.0962573 0.757832
2 0.524214 0.439638 0.0569711 0.0390471 0.698272
2 0.573959 0.472274 0.0599411 0.0598478 0.620565
2 0.638888 0.520475 0.0888201 0.0770111 0.607149
0 0.391579 0.561586 0.0220061 0.0606196 0.505813
2 0.433908 0.396175 0.0207161 0.0238504 0.449613
7 0.734151 0.586045 0.130793 0.15633 0.428427
2 0.604457 0.446143 0.0532068 0.0501059 0.375461
0 0.533855 0.541659 0.0205428 0.0635437 0.371137
0 0.505943 0.527222 0.0167385 0.057549 0.342101
2 0.408292 0.394553 0.0305322 0.020284 0.333923
0 0.699836 0.492263 0.0201452 0.0446409 0.320364
