2 0.750395 0.440862 0.0752058 0.0669171 0.828263
2 0.234463 0.458763 0.129951 0.0914131 0.814146
7 0.56237 0.527012 0.163948 0.195168 0.791314
2 0.243275 0.70603 0.278498 0.168408 0.71066
0 0.563925 0.677346 0.035056 0.0745539 0.602442
3 0.123536 0.515411 0.0414567 0.0748635 0.489924
2 0.87144 0.35433 0.0367729 0.0301051 0.448806
2 0.804076 0.363343 0.0440853 0.0412346 0.435206
0 0.523266 0.766809 0.0440134 0.060181 0.431663
0 0.669559 0.470008 0.0285227 0.0580501 0.417252
0 0.680921 0.625858 0.0346838 0.0939178 0.407067
0 0.692655 0.558068 0.0305902 0.0664824 0.400478
3 0.462625 0.371881 0.0241572 0.0454845 0.35813
3 0.412473 0.395417 0.0350678 0.055139 0.351724
3 0.414804 0.398052 0.0278772 0.0465203 0.350507
3 0.83462 0.446518 0.0190544 0.0492337 0.308437
