3 0.870125 0.631703 0.0481182 0.0827545 0.540719
3 0.680452 0.50149 0.0251185 0.0549018 0.502143
7 0.490942 0.350831 0.0757511 0.150827 0.480621
0 0.33913 0.473907 0.0173169 0.0534401 0.466931
3 0.739122 0.561569 0.0321251 0.0672909 0.419686
3 0.831242 0.751504 0.0729997 0.0857612 0.377137
0 0.531971 0.444715 0.0126747 0.0430618 0.375008
3 0.17211 0.629412 0.0308504 0.0658861 0.374785
3 0.612121 0.619678 0.0281498 0.0911779 0.371981
3 0.261563 0.500686 0.024054 0.0640386 0.369207
3 0.829627 0.764467 0.0695676 0.0621498 0.345662
0 0.296771 0.442764 0.0150951 0.0443358 0.340744
2 0.395202 0.335562 0.0197684 0.0277219 0.330611
0 0.64999 0.576212 0.0311058 0.0607319 0.319795
0 0.172747 0.61493 0.0328185 0.08566 0.307643
3 0.672152 0.676463 0.0447979 0.0838352 0.307298
