2 0.20103 0.693117 0.194305 0.199071 0.818024
2 0.628011 0.507706 0.115676 0.151844 0.796762
2 0.377663 0.716053 0.288819 0.152761 0.775084
3 0.177771 0.582598 0.0877047 0.0943094 0.516555
25 0.440565 0.303585 0.0754212 0.0398699 0.466962
3 0.280747 0.57314 0.0807803 0.105401 0.423636
3 0.406362 0.489608 0.0808619 0.105425 0.382489
3 0.786528 0.323808 0.0293464 0.0519358 0.375666
3 0.505154 0.448558 0.0477497 0.0794748 0.359248
3 0.464079 0.446269 0.0396177 0.0553201 0.354465
3 0.336048 0.474027 0.0772542 0.0815522 0.344141
3 0.396946 0.492415 0.0605959 0.0979083 0.338853
0 0.277424 0.567652 0.0682717 0.112343 0.331944
3 0.372209 0.381813 0.0426824 0.0489732 0.319575
