2 0.578236 0.406149 0.0345474 0.0392633 0.691792
0 0.350538 0.754356 0.0387203 0.084539 0.535519
3 0.540193 0.490267 0.0181848 0.053445 0.467495
0 0.42161 0.487575 0.0169912 0.059039 0.405874
0 0.443409 0.510889 0.0186226 0.0585338 0.376723
0 0.479859 0.511687 0.0211122 0.0592498 0.376652
0 0.518302 0.582808 0.0238629 0.0644725 0.374766
3 0.480038 0.512962 0.0206917 0.0619971 0.35039
0 0.501796 0.430613 0.0142734 0.0605761 0.334743
3 0.351391 0.761431 0.0413976 0.0691001 0.322934
0 0.519208 0.591898 0.02674 0.0779892 0.303966
