5 0.755131 0.631789 0.239148 0.224582 0.853619
2 0.770515 0.437417 0.0785967 0.050076 0.725935
2 0.354705 0.379289 0.0307948 0.0347677 0.545667
2 0.51179 0.399379 0.082994 0.0534594 0.529937
0 0.40618 0.6905 0.0350575 0.0869323 0.517861
3 0.587585 0.701409 0.0429425 0.09417 0.496816
2 0.57837 0.445545 0.0912507 0.0460023 0.478855
0 0.343844 0.526275 0.0193433 0.0702658 0.459658
0 0.478367 0.672971 0.0341707 0.0870224 0.457016
3 0.407843 0.455896 0.0387369 0.0487404 0.407375
3 0.477992 0.563946 0.0266828 0.0631034 0.403099
3 0.348875 0.447351 0.0355377 0.0462905 0.400041
3 0.641249 0.498104 0.0283705 0.0522066 0.373087
3 0.502463 0.645507 0.0229587 0.0604887 0.359575
3 0.235984 0.70079 0.0466645 0.100192 0.323117
3 0.404445 0.726331 0.0302107 0.0764502 0.321828
3 0.475458 0.704926 0.0303292 0.0727984 0.308203
