2 0.582392 0.615576 0.116808 0.146769 0.857971
2 0.559225 0.459449 0.0740606 0.0799927 0.685083
0 0.287309 0.531815 0.0337972 0.0890845 0.554685
2 0.532192 0.382441 0.0340887 0.0536808 0.491814
7 0.470151 0.416956 0.0957992 0.137689 0.48841
3 0.193581 0.520766 0.0469146 0.073743 0.476232
0 0.68948 0.64936 0.0345154 0.0957798 0.470971
0 0.61495 0.738786 0.0353181 0.108163 0.444627
0 0.499784 0.623788 0.040236 0.105057 0.402373
3 0.493643 0.641223 0.0406137 0.0783022 0.391543
0 0.177205 0.444533 0.0310387 0.0559447 0.389103
2 0.560561 0.351389 0.0445589 0.0538677 0.376731
0 0.691188 0.64166 0.029091 0.0780053 0.365122
2 0.619947 0.365419 0.0414372 0.0565166 0.362779
3 0.300361 0.458686 0.0321375 0.0654373 0.360258
3 0.141403 0.601032 0.0753139 0.102743 0.359044
3 0.675983 0.551639 0.0483694 0.0839243 0.345097
0 0.176198 0.456739 0.0359896 0.0798521 0.315737
2 0.46007 0.439497 0.073537 0.091886 0.315309
3 0.496521 0.626756 0.0486165 0.106761 0.305174
