3 0.509979 0.756031 0.0624038 0.0839405 0.56939
3 0.404892 0.699631 0.0566537 0.0937006 0.541862
3 0.374015 0.557438 0.0287348 0.0632548 0.512473
0 0.394952 0.651995 0.0390847 0.0972037 0.470895
3 0.372969 0.546997 0.0303069 0.0781136 0.456965
3 0.55922 0.483523 0.0237494 0.0553897 0.446649
3 0.542553 0.687328 0.0497431 0.0811991 0.428343
0 0.499759 0.676023 0.0478063 0.106109 0.419253
3 0.662119 0.648952 0.0495972 0.0991832 0.410896
3 0.433485 0.581316 0.0399868 0.0788068 0.399803
3 0.484608 0.567241 0.0302321 0.0593925 0.366234
2 0.145026 0.741008 0.0829678 0.108455 0.337597
3 0.664205 0.668349 0.0458937 0.0595911 0.334159
0 0.671132 0.571227 0.0347374 0.0792255 0.321082
