2 0.180168 0.655045 0.151385 0.228046 0.777118
5 0.672125 0.436426 0.0500669 0.076303 0.707542
0 0.423579 0.761155 0.0557556 0.0681546 0.680256
0 0.534966 0.730491 0.0548493 0.129085 0.601502
0 0.543861 0.622907 0.0461012 0.0907211 0.592797
2 0.514248 0.420618 0.048723 0.0524585 0.525833
2 0.602894 0.429832 0.0423046 0.0545913 0.370422
3 0.643915 0.528311 0.0245693 0.069797 0.357398
3 0.275419 0.503805 0.0444574 0.0719286 0.355442
2 0.603941 0.415896 0.036541 0.0261421 0.347423
3 0.380842 0.464024 0.0268812 0.0657433 0.347159
0 0.64402 0.521993 0.0247738 0.0796684 0.337991
3 0.643283 0.539884 0.0237957 0.0471471 0.319684
