3 0.193084 0.758105 0.0934982 0.0764667 0.527237
3 0.88231 0.424554 0.0197025 0.0485253 0.499919
0 0.193766 0.732153 0.0577539 0.077915 0.436401
3 0.365749 0.444748 0.0203552 0.0511996 0.425586
3 0.179501 0.529941 0.0426312 0.0647603 0.378016
0 0.673556 0.446699 0.0196882 0.051352 0.373356
0 0.18936 0.743185 0.0669531 0.101303 0.352237
3 0.674079 0.448455 0.0217311 0.0566857 0.310372
3 0.248335 0.593619 0.0371473 0.0564688 0.304547
2 0.767349 0.310191 0.0186298 0.026825 0.303985
0 0.197423 0.419259 0.0149792 0.0373393 0.303936
