2 0.736723 0.618356 0.1671 0.142473 0.886969
2 0.48635 0.498071 0.0929628 0.08778 0.862302
2 0.635754 0.655491 0.149495 0.15702 0.849195
2 0.478653 0.390213 0.050626 0.0465301 0.59588
0 0.311633 0.685385 0.0383533 0.107406 0.494894
0 0.234665 0.704096 0.0385254 0.0917765 0.438842
1 0.239179 0.749748 0.0461011 0.0774076 0.405328
3 0.8711 0.625354 0.0526592 0.0971472 0.36285
0 0.232109 0.693267 0.0340475 0.0710008 0.360981
3 0.593082 0.426896 0.0304205 0.0518578 0.339582
3 0.430995 0.540414 0.0371191 0.0755141 0.316932
3 0.374543 0.642367 0.048352 0.07217 0.310052
