2 0.444616 0.466097 0.086381 0.0937594 0.809712
2 0.438259 0.598054 0.110393 0.156702 0.800317
0 0.327587 0.479841 0.0224845 0.0897648 0.561379
2 0.306896 0.336172 0.0427897 0.0591493 0.513531
0 0.309618 0.73596 0.0473524 0.117196 0.475946
3 0.685296 0.432434 0.0488135 0.0423501 0.474036
0 0.555397 0.623555 0.049709 0.117812 0.426766
0 0.277976 0.5046 0.0231159 0.0644454 0.419954
3 0.53098 0.488973 0.0378688 0.0816432 0.419293
3 0.555066 0.631874 0.0520656 0.101629 0.403645
3 0.445116 0.392815 0.0356382 0.0476461 0.385732
0 0.336941 0.570982 0.0335968 0.097166 0.358382
0 0.414658 0.360984 0.0197252 0.040252 0.33659
3 0.117513 0.43417 0.0266067 0.0620088 0.329767
3 0.828033 0.433174 0.117752 0.0858671 0.32509
