2 0.265915 0.564872 0.0805212 0.0788834 0.792689
2 0.522049 0.466472 0.0420559 0.0516986 0.762808
2 0.474793 0.381409 0.0283916 0.0344426 0.54432
2 0.411323 0.390714 0.0320543 0.0346905 0.526351
2 0.447702 0.405917 0.0315484 0.0318922 0.517516
2 0.477351 0.327436 0.0182611 0.0237869 0.448709
3 0.748001 0.555546 0.0268422 0.046142 0.440181
2 0.638273 0.380963 0.0327313 0.0293456 0.393584
2 0.417882 0.32847 0.017761 0.0181607 0.36162
3 0.513079 0.657804 0.0339929 0.0584908 0.355177
3 0.870879 0.643426 0.0407057 0.0656298 0.348772
2 0.71129 0.366211 0.025733 0.0256112 0.337285
3 0.509085 0.65329 0.0300534 0.0659004 0.312305
