2 0.688897 0.622984 0.14844 0.113202 0.770957
2 0.471371 0.742388 0.146935 0.101844 0.768019
2 0.818578 0.618244 0.155295 0.121727 0.763266
2 0.389207 0.459121 0.0924954 0.0520124 0.751852
2 0.182843 0.456155 0.103564 0.0425483 0.688786
2 0.816245 0.730743 0.15999 0.128283 0.657732
2 0.504975 0.411795 0.0370462 0.0339205 0.458463
3 0.287774 0.501568 0.0358768 0.0460857 0.449655
3 0.665438 0.464225 0.022065 0.0491869 0.372284
3 0.699416 0.503489 0.033415 0.0543941 0.35109
0 0.665753 0.464471 0.0211105 0.0486518 0.341022
2 0.476407 0.453052 0.038376 0.0432255 0.318668
