2 0.584436 0.45966 0.0496942 0.0583478 0.796349
2 0.534326 0.43294 0.030371 0.0351479 0.6269
2 0.424154 0.367402 0.0347325 0.0311716 0.607216
2 0.55877 0.406249 0.0288583 0.0416912 0.575882
2 0.348601 0.380599 0.053207 0.0301265 0.559177
2 0.502776 0.400429 0.0292576 0.0372973 0.51453
2 0.609924 0.420262 0.0408924 0.044703 0.500725
3 0.453761 0.565044 0.0214692 0.0672087 0.449452
3 0.347376 0.647348 0.0285407 0.0613896 0.420016
0 0.380969 0.501189 0.0150862 0.0505793 0.409033
0 0.363243 0.526935 0.0177611 0.0581627 0.408219
7 0.463702 0.439508 0.0417982 0.0765362 0.398232
0 0.383027 0.586193 0.0204595 0.0596902 0.353813
0 0.453282 0.560954 0.0202131 0.065945 0.345121
2 0.649451 0.543783 0.071376 0.102883 0.334477
0 0.405751 0.551387 0.0215139 0.0632202 0.329493
0 0.331683 0.717752 0.0286893 0.08739 0.319057
