2 0.405608 0.347925 0.0340861 0.0330564 0.822802
2 0.825736 0.551827 0.139899 0.171731 0.71454
5 0.507888 0.360097 0.0843071 0.0958291 0.706976
2 0.372338 0.309788 0.028065 0.0389171 0.585126
0 0.565532 0.378941 0.0137613 0.0396429 0.470758
2 0.311746 0.321567 0.0219874 0.0233586 0.466396
3 0.60543 0.402224 0.0249273 0.0427925 0.361195
0 0.331983 0.416753 0.0174032 0.0631148 0.338811
0 0.363216 0.410092 0.0141191 0.0447078 0.331429
2 0.371964 0.316909 0.027287 0.0246987 0.329086
0 0.710032 0.318297 0.0117802 0.0446835 0.323538
2 0.58098 0.314958 0.0264508 0.0502158 0.321442
3 0.316345 0.510544 0.0231421 0.062193 0.312673
2 0.580994 0.324238 0.0265806 0.0322896 0.307106
0 0.331066 0.424354 0.0162228 0.0505667 0.301725
