5 0.805999 0.401265 0.178313 0.130533 0.916907
2 0.568763 0.439508 0.0680292 0.0630718 0.845429
2 0.507668 0.501056 0.0753601 0.0809041 0.75634
0 0.486895 0.66484 0.0356754 0.114705 0.6973
0 0.570732 0.687758 0.038806 0.102266 0.654321
2 0.36665 0.332408 0.0242701 0.0233387 0.498428
0 0.689501 0.478835 0.026058 0.0562612 0.429647
2 0.527179 0.354347 0.0368749 0.0352783 0.390552
2 0.229017 0.391123 0.0285293 0.0342888 0.374628
3 0.232337 0.544639 0.0308454 0.0535142 0.369434
58 0.871432 0.560648 0.0523488 0.0722697 0.3376
0 0.65581 0.487232 0.0235058 0.0571862 0.336679
2 0.368699 0.385983 0.02646 0.0345274 0.32167
0 0.23241 0.528646 0.0301896 0.0746994 0.31113
