2 0.445387 0.466438 0.0929404 0.0785851 0.857282
2 0.19072 0.533148 0.0959161 0.110865 0.7921
0 0.748988 0.73289 0.0507835 0.109647 0.757607
2 0.848673 0.412748 0.0625294 0.0685893 0.757207
0 0.631337 0.754674 0.0490036 0.0820443 0.666058
0 0.735914 0.54513 0.0312449 0.063346 0.533773
2 0.573017 0.369053 0.0393366 0.0375576 0.526828
2 0.607707 0.357688 0.0402493 0.034088 0.526405
3 0.734492 0.576326 0.0649155 0.0498891 0.510626
2 0.27207 0.389348 0.03721 0.0494721 0.488094
3 0.264397 0.440604 0.018602 0.0443164 0.442555
3 0.884376 0.734302 0.0252071 0.087017 0.422138
2 0.814732 0.343211 0.0494427 0.0590363 0.417736
7 0.814295 0.342349 0.0505908 0.0590428 0.383099
3 0.687339 0.464503 0.0289502 0.0445301 0.380519
3 0.736341 0.561803 0.0606107 0.0706659 0.32799
0 0.882913 0.730512 0.0256462 0.0889958 0.315443
0 0.852759 0.477656 0.0315838 0.0623846 0.309635
2 0.254764 0.372458 0.015068 0.0298491 0.309164
3 0.754468 0.769826 0.0353881 0.0522811 0.300986
