2 0.616619 0.377939 0.0456891 0.0459641 0.634143
2 0.502246 0.463373 0.0792006 0.105627 0.599871
3 0.650314 0.485035 0.0226342 0.0628924 0.554054
3 0.335278 0.648871 0.0504543 0.0889265 0.552735
2 0.561934 0.411118 0.0509295 0.0596626 0.543221
2 0.656558 0.341554 0.0376012 0.0282162 0.4937
3 0.200329 0.666374 0.0752423 0.130541 0.454912
0 0.534825 0.583399 0.0298627 0.0711112 0.435809
0 0.428929 0.438891 0.0178732 0.0489991 0.38962
0 0.33298 0.609339 0.0366891 0.0709924 0.365857
3 0.459175 0.399309 0.0212982 0.0297087 0.361973
2 0.768502 0.392504 0.018852 0.0319506 0.358155
3 0.697963 0.419927 0.0250986 0.0412933 0.357454
3 0.299253 0.491166 0.0359813 0.0707573 0.357089
3 0.535178 0.596544 0.0294664 0.0593515 0.321746
7 0.722247 0.342092 0.0373497 0.0602804 0.301199
