2 0.554246 0.699705 0.232322 0.182691 0.798995
2 0.137373 0.329032 0.0699942 0.0812894 0.734446
2 0.231125 0.317071 0.048984 0.0723267 0.695879
3 0.674239 0.373648 0.0300087 0.0574318 0.528256
0 0.557906 0.497114 0.0346146 0.0959885 0.520058
3 0.251712 0.681678 0.0801694 0.108419 0.49496
3 0.500145 0.405481 0.0642559 0.0612939 0.485535
0 0.783752 0.522188 0.0326029 0.0788482 0.449583
2 0.829488 0.326439 0.0528988 0.0465048 0.435727
0 0.249293 0.648222 0.0419584 0.100447 0.430738
0 0.398008 0.506466 0.0429816 0.0734399 0.40982
2 0.835411 0.279439 0.0393302 0.0436222 0.400444
2 0.858518 0.243209 0.0341602 0.0329603 0.382616
3 0.680009 0.371982 0.0411192 0.0597153 0.367522
0 0.731964 0.55537 0.0388315 0.0898851 0.332234
