2 0.333143 0.688152 0.289792 0.207976 0.918476
5 0.487757 0.413294 0.164715 0.169856 0.886717
0 0.557465 0.633365 0.0528378 0.10084 0.537764
2 0.596364 0.456344 0.115394 0.116381 0.531373
3 0.357419 0.421167 0.0633906 0.0594735 0.503763
7 0.15624 0.474033 0.104075 0.188932 0.463063
5 0.156246 0.47087 0.104277 0.182352 0.39623
0 0.753779 0.449795 0.0296542 0.0693788 0.349779
3 0.266811 0.463756 0.0618948 0.0646531 0.344892
0 0.475637 0.505818 0.0303346 0.0841534 0.339761
0 0.66546 0.533909 0.0390876 0.0692562 0.302424
