2 0.620804 0.461882 0.0819827 0.100634 0.752183
2 0.572434 0.376261 0.0697663 0.084737 0.675973
2 0.651775 0.394008 0.0383043 0.0555772 0.606655
3 0.566334 0.644987 0.0349323 0.0743131 0.486448
3 0.481459 0.751187 0.0745869 0.0892967 0.475116
3 0.473261 0.485826 0.03545 0.0699362 0.468358
3 0.408343 0.585124 0.0420654 0.0868783 0.427468
3 0.648916 0.741857 0.0516556 0.105425 0.38748
3 0.218319 0.751731 0.102118 0.0914802 0.373477
0 0.447161 0.452096 0.0279984 0.0850074 0.369436
3 0.726253 0.412071 0.0189893 0.0493571 0.356287
3 0.501629 0.637762 0.0485198 0.0947402 0.347098
7 0.57132 0.376782 0.0664499 0.0840238 0.336673
3 0.474945 0.474425 0.0389862 0.0904028 0.317547
0 0.592815 0.546663 0.0331194 0.100599 0.312728
3 0.353783 0.561898 0.0616749 0.0846756 0.311559
