2 0.570585 0.534235 0.123832 0.147657 0.845857
2 0.807248 0.572625 0.165138 0.155003 0.817101
2 0.504031 0.403272 0.0706133 0.0838844 0.814711
3 0.0972383 0.47849 0.05788 0.0502582 0.51144
0 0.404844 0.556977 0.0436548 0.0990933 0.489867
2 0.607461 0.391501 0.0609436 0.0844687 0.475213
2 0.842295 0.757865 0.304289 0.220718 0.45869
3 0.274435 0.54789 0.0402163 0.0818645 0.454796
3 0.410392 0.602704 0.0515124 0.0758879 0.439911
0 0.877841 0.540437 0.0380045 0.108766 0.393108
0 0.81664 0.473161 0.0335411 0.0562021 0.348734
2 0.460483 0.326027 0.0400984 0.0492422 0.330493
3 0.723198 0.444786 0.0384895 0.0834528 0.305505
3 0.656618 0.360984 0.02259 0.058124 0.301354
