2 0.146276 0.428304 0.0869809 0.0939947 0.847656
2 0.32249 0.551895 0.144361 0.195622 0.6691
2 0.522751 0.38615 0.0693072 0.0677538 0.55939
5 0.180192 0.647781 0.152988 0.28987 0.50912
0 0.351756 0.669389 0.0316911 0.0972871 0.499186
3 0.69962 0.626184 0.0697575 0.0786641 0.407722
2 0.589673 0.413779 0.0300536 0.0479902 0.394306
3 0.375067 0.703494 0.0823528 0.0878874 0.386142
3 0.278112 0.438014 0.0486222 0.0663225 0.373911
3 0.813819 0.715895 0.153398 0.097148 0.370893
0 0.379065 0.669292 0.0419803 0.0772639 0.333681
