2 0.41901 0.413138 0.0307524 0.0390275 0.830801
2 0.808766 0.732378 0.175227 0.123138 0.79222
2 0.550873 0.455651 0.0535143 0.0565123 0.729286
2 0.614873 0.378129 0.0339842 0.0288769 0.699744
2 0.496145 0.399814 0.0368028 0.0442412 0.565099
2 0.668085 0.775462 0.102587 0.0379415 0.540824
2 0.147667 0.415479 0.0670965 0.0289035 0.512792
2 0.467834 0.375655 0.0180162 0.0328756 0.490053
2 0.43704 0.369393 0.0218658 0.0257634 0.416991
3 0.118972 0.653794 0.0276934 0.0577064 0.346073
2 0.712842 0.418511 0.0511299 0.0398095 0.322328
