2 0.756489 0.379189 0.0523643 0.0433836 0.597466
3 0.332131 0.443624 0.0319077 0.0533188 0.58495
2 0.841717 0.387435 0.0579907 0.0458773 0.576808
0 0.753681 0.544032 0.0381294 0.0845093 0.51893
2 0.802363 0.353837 0.0410212 0.0420719 0.508283
3 0.834518 0.460938 0.0286163 0.0615166 0.507374
3 0.160252 0.363671 0.0412946 0.0454038 0.507045
3 0.650775 0.604995 0.0541712 0.0519852 0.489401
2 0.708345 0.301703 0.0307611 0.0307808 0.487543
3 0.855575 0.536201 0.0331138 0.0635239 0.48478
3 0.536745 0.440627 0.0272627 0.043242 0.456181
2 0.618659 0.323086 0.043941 0.0301022 0.408071
0 0.625555 0.541848 0.0324049 0.0658254 0.404323
3 0.793567 0.438787 0.0253433 0.0496906 0.385749
3 0.649405 0.594196 0.0538429 0.0714552 0.373002
2 0.871017 0.34182 0.0503804 0.0627924 0.348218
2 0.748467 0.285417 0.0288904 0.021109 0.341239
0 0.793131 0.4389 0.0243937 0.0489664 0.337672
3 0.545169 0.439502 0.0428284 0.0449549 0.321193
3 0.235413 0.372844 0.0382218 0.0352538 0.315158
0 0.626478 0.546094 0.0442237 0.0781978 0.311161
