2 0.539676 0.433499 0.0808242 0.0672094 0.808965
2 0.395307 0.397345 0.092711 0.0692586 0.778365
2 0.345756 0.343163 0.0322529 0.0374416 0.68416
2 0.481882 0.379046 0.0517015 0.0444974 0.662542
0 0.592905 0.748306 0.0593838 0.0973388 0.617648
2 0.724123 0.559433 0.152438 0.126794 0.550571
7 0.548379 0.348527 0.0911439 0.0972485 0.528214
2 0.455688 0.349697 0.0407924 0.0353356 0.50303
3 0.381805 0.479857 0.0242043 0.0607498 0.454001
3 0.826499 0.574033 0.0613931 0.0809366 0.43305
0 0.357348 0.562508 0.025507 0.0774051 0.386695
3 0.513261 0.631348 0.0365046 0.0807982 0.382849
3 0.416542 0.621185 0.0322614 0.0680419 0.381841
3 0.673026 0.464945 0.0321558 0.0635814 0.356482
3 0.272956 0.430457 0.0183936 0.0458281 0.35432
0 0.41532 0.595004 0.0298323 0.0818056 0.32314
0 0.583203 0.746428 0.0419766 0.0989332 0.3122
2 0.363767 0.319183 0.0291205 0.0244508 0.309116
3 0.341818 0.655394 0.0386689 0.109432 0.301552
