2 0.542586 0.424166 0.0848707 0.0584309 0.87181
2 0.516122 0.529064 0.110634 0.108168 0.78968
7 0.671121 0.575969 0.121378 0.188265 0.623223
9 0.527254 0.311762 0.0191564 0.0431577 0.59949
2 0.345319 0.473718 0.0630633 0.0758425 0.589176
7 0.654439 0.383277 0.110979 0.0807969 0.440832
9 0.60591 0.311767 0.0170251 0.0277316 0.345644
7 0.208274 0.448074 0.0786457 0.0659324 0.340864
2 0.621156 0.392897 0.046443 0.0557488 0.33391
2 0.208107 0.447523 0.0778676 0.06842 0.323731
2 0.652824 0.385454 0.110518 0.0760236 0.316377
0 0.580196 0.507074 0.0296676 0.0608164 0.310053
