2 0.784232 0.599511 0.115854 0.122413 0.847041
2 0.414865 0.522723 0.0886498 0.111261 0.77132
0 0.706914 0.725568 0.0338337 0.119061 0.687161
2 0.467002 0.417719 0.0695133 0.0703732 0.575258
0 0.342542 0.709942 0.0453836 0.112884 0.542231
3 0.147926 0.738784 0.0892506 0.109886 0.507949
0 0.530793 0.733378 0.0470837 0.124393 0.456832
3 0.339719 0.756063 0.0351657 0.0783187 0.433085
0 0.577916 0.737672 0.0465978 0.11738 0.369835
0 0.642464 0.735605 0.0475887 0.113483 0.348601
2 0.55993 0.404079 0.0406556 0.0674863 0.31597
3 0.342247 0.499642 0.0327801 0.0858021 0.315549
2 0.650124 0.468047 0.0677517 0.100575 0.302966
