2 0.441052 0.449443 0.0917027 0.0602637 0.869497
2 0.280424 0.378495 0.0503964 0.0287107 0.694292
2 0.16321 0.401548 0.0621999 0.040734 0.68176
3 0.197303 0.569085 0.0265072 0.0705933 0.626479
3 0.57891 0.495263 0.049324 0.0591277 0.624829
2 0.757732 0.360118 0.065237 0.0363267 0.59845
2 0.808949 0.372731 0.0770526 0.0332293 0.55682
0 0.599958 0.455296 0.0269236 0.0495473 0.50693
3 0.873047 0.506549 0.0477447 0.0642594 0.501411
0 0.363215 0.716145 0.0334243 0.096631 0.486786
3 0.307673 0.434652 0.023696 0.042576 0.482875
2 0.813051 0.330796 0.0252077 0.0281506 0.459098
2 0.398638 0.369592 0.0236922 0.0232259 0.455672
2 0.644641 0.360271 0.0530785 0.0322763 0.447702
3 0.218334 0.500283 0.0294872 0.0746485 0.420921
3 0.370472 0.469109 0.0329207 0.0539327 0.395022
3 0.363355 0.744408 0.0336944 0.081181 0.381807
0 0.222932 0.433693 0.0161803 0.0398696 0.336873
2 0.480188 0.344806 0.0367497 0.0260446 0.333865
3 0.741142 0.471902 0.0971943 0.0558679 0.311316
3 0.21656 0.51298 0.0276398 0.0576556 0.306654
0 0.466305 0.400539 0.0139181 0.0367967 0.302168
2 0.884421 0.382867 0.0236778 0.0326734 0.300174
