2 0.428118 0.521811 0.0997011 0.117873 0.855658
7 0.520547 0.631498 0.107497 0.176028 0.738643
0 0.567747 0.739318 0.0436399 0.114063 0.659685
3 0.316375 0.503868 0.0322349 0.0666244 0.522225
0 0.636487 0.751677 0.037513 0.0898284 0.4868
7 0.2873 0.328938 0.0985654 0.0625346 0.453954
0 0.599534 0.684879 0.0400099 0.102753 0.432878
0 0.647529 0.685334 0.037725 0.100232 0.426034
0 0.52164 0.506078 0.0309805 0.0879487 0.375503
0 0.375621 0.731204 0.0539035 0.10811 0.349329
0 0.464581 0.610674 0.0309296 0.0921694 0.343208
3 0.42908 0.676809 0.0421435 0.0770237 0.341011
0 0.600021 0.598141 0.0319025 0.0796425 0.339465
0 0.678174 0.634515 0.0264846 0.078523 0.309715
0 0.374419 0.715864 0.0451261 0.0752381 0.306862
