2 0.405534 0.37382 0.0420569 0.0326875 0.708509
2 0.376065 0.404601 0.0316937 0.0413886 0.666787
2 0.189624 0.470908 0.0909048 0.122653 0.492692
3 0.499272 0.639654 0.0725023 0.0944372 0.492607
3 0.827047 0.737557 0.0587532 0.0978163 0.48404
7 0.838237 0.409309 0.0713733 0.0785929 0.479347
3 0.200355 0.544788 0.0338733 0.075111 0.437985
3 0.86777 0.540146 0.0304317 0.0440721 0.412628
0 0.818219 0.490443 0.0271931 0.0675134 0.410082
3 0.113936 0.604107 0.0242547 0.0729319 0.408549
3 0.282332 0.513486 0.0225973 0.0445503 0.407732
7 0.474269 0.723494 0.260449 0.133879 0.380561
0 0.707414 0.433245 0.020179 0.0484895 0.37803
3 0.804915 0.587742 0.0344944 0.0585117 0.37576
7 0.263259 0.365905 0.0301359 0.0482492 0.369003
3 0.77119 0.505807 0.0252053 0.0324839 0.342478
2 0.22678 0.362576 0.0231042 0.0328331 0.339066
3 0.804262 0.573329 0.0359554 0.0839845 0.33419
2 0.504279 0.386269 0.0537082 0.0434294 0.325906
3 0.723145 0.517192 0.0294239 0.070595 0.317545
2 0.793995 0.340529 0.0274021 0.0314682 0.302325
