2 0.623309 0.390052 0.0319751 0.036824 0.741345
2 0.459932 0.374525 0.0422085 0.0317332 0.680971
2 0.58373 0.505556 0.0725182 0.103209 0.588375
2 0.567825 0.381914 0.0434523 0.0438656 0.563579
2 0.653693 0.371395 0.0296751 0.0265372 0.510194
0 0.702827 0.461601 0.0216734 0.0526217 0.413772
11 0.213144 0.435539 0.022941 0.0292807 0.413117
3 0.689985 0.632146 0.0320241 0.0927091 0.366789
0 0.689985 0.630029 0.0298401 0.0921795 0.348648
3 0.691662 0.656631 0.0273754 0.0470133 0.346141
7 0.532119 0.355094 0.0303987 0.0436716 0.333782
