2 0.604231 0.49515 0.113195 0.10878 0.859947
2 0.625033 0.64199 0.17945 0.200446 0.832772
2 0.465561 0.46894 0.090806 0.0979375 0.706664
2 0.707871 0.460926 0.0913042 0.0720181 0.667686
2 0.805068 0.56956 0.149536 0.134168 0.613975
2 0.874714 0.711261 0.0417872 0.133354 0.537119
2 0.366345 0.385469 0.0599299 0.0671747 0.46229
2 0.567372 0.420355 0.0724534 0.0587693 0.446905
2 0.484021 0.411421 0.0636634 0.0667447 0.387944
0 0.225546 0.754304 0.0421714 0.0803805 0.341051
2 0.320806 0.352369 0.0491121 0.0469861 0.331786
2 0.359112 0.762173 0.103005 0.0650305 0.306711
