2 0.630344 0.675454 0.1853 0.192425 0.85075
3 0.784018 0.737019 0.0835607 0.109592 0.57173
2 0.222436 0.338494 0.0475442 0.064147 0.473269
3 0.624905 0.556331 0.0433791 0.0622966 0.435225
3 0.624237 0.544628 0.0452631 0.0800296 0.411694
3 0.361807 0.679929 0.0333044 0.0885699 0.409806
7 0.310326 0.345448 0.059039 0.10583 0.390574
3 0.130926 0.522631 0.0456011 0.0752272 0.389168
3 0.674762 0.59963 0.0410441 0.05329 0.38493
3 0.831013 0.537412 0.0367604 0.0674677 0.359968
3 0.257163 0.506244 0.0431631 0.0633763 0.350795
3 0.362775 0.492134 0.0230944 0.0660927 0.343798
0 0.470686 0.416509 0.0223307 0.0510404 0.316472
0 0.360993 0.633444 0.0389172 0.0670983 0.314146
3 0.252748 0.511942 0.0397747 0.0531855 0.309642
3 0.677226 0.612527 0.0465988 0.0798857 0.303968
2 0.241007 0.457641 0.0660223 0.0644885 0.301348
