0 0.493368 0.772287 0.0368257 0.0491112 0.653848
2 0.439032 0.455283 0.0335272 0.0408992 0.633744
0 0.42351 0.512594 0.0161186 0.0592479 0.626721
0 0.59123 0.687414 0.0322871 0.0547679 0.512814
2 0.509135 0.45309 0.054532 0.0401034 0.497262
0 0.470773 0.595605 0.0224819 0.0692482 0.364343
2 0.487885 0.393812 0.0252851 0.0275987 0.36047
3 0.800504 0.615037 0.0430903 0.0619031 0.352436
0 0.65709 0.482324 0.0205914 0.0616633 0.332604
0 0.342572 0.557289 0.0150134 0.0686025 0.330825
2 0.622787 0.516881 0.0776356 0.0720424 0.329897
