2 0.424199 0.47222 0.0727082 0.0675622 0.76902
2 0.601408 0.407884 0.0716171 0.0505608 0.653135
5 0.744154 0.454921 0.0936496 0.118689 0.623518
2 0.743771 0.374018 0.0329281 0.0375732 0.586524
2 0.80581 0.398074 0.0448143 0.0476217 0.556628
3 0.164562 0.719327 0.057795 0.110555 0.521123
3 0.139136 0.493504 0.0257338 0.0555407 0.517272
2 0.783823 0.348636 0.0296171 0.0338111 0.470168
3 0.697455 0.517935 0.0545506 0.0541927 0.458604
0 0.217786 0.428267 0.0157249 0.0568579 0.42961
3 0.635537 0.481455 0.051288 0.0569932 0.424101
0 0.796385 0.555608 0.0320149 0.0765325 0.419101
3 0.349373 0.467912 0.0211821 0.0520919 0.371611
7 0.744501 0.455113 0.091257 0.119236 0.368594
3 0.228465 0.510116 0.0258999 0.0466401 0.365459
7 0.47298 0.73557 0.260801 0.111504 0.35351
3 0.796788 0.571869 0.0311632 0.0583868 0.350249
2 0.720649 0.319971 0.0243076 0.0252617 0.31823
