0 0.559683 0.75408 0.040143 0.0871127 0.792891
2 0.588376 0.390847 0.0401424 0.0515143 0.755741
2 0.446961 0.403748 0.0603139 0.0517327 0.568085
7 0.848652 0.70956 0.0939769 0.170275 0.556329
2 0.148909 0.524102 0.0916533 0.0849625 0.5424
2 0.631152 0.342345 0.0325391 0.0311063 0.541746
2 0.554539 0.368616 0.0377067 0.0349957 0.530038
3 0.308739 0.492647 0.0634603 0.058689 0.460905
3 0.220164 0.520651 0.0542987 0.0610347 0.457116
9 0.731449 0.284842 0.0128323 0.0377814 0.398302
3 0.424914 0.455078 0.0324918 0.053478 0.304092
