2 0.22188 0.475666 0.126462 0.0955539 0.879146
0 0.628287 0.763762 0.0431217 0.0649357 0.809983
5 0.666466 0.422531 0.0927244 0.102258 0.638804
2 0.756179 0.384531 0.0551718 0.0438674 0.593777
3 0.366318 0.415468 0.0330289 0.0542547 0.586295
3 0.82628 0.4748 0.0255032 0.0543354 0.428924
2 0.807087 0.352465 0.0545717 0.0556732 0.415099
3 0.317892 0.407399 0.0373654 0.0462944 0.413501
0 0.720159 0.529766 0.0307508 0.0648407 0.381599
3 0.581385 0.698061 0.0738054 0.108002 0.353291
0 0.543165 0.633751 0.0360117 0.0710957 0.334304
2 0.673387 0.335047 0.0408657 0.0298099 0.333368
2 0.857525 0.371381 0.0426484 0.0347391 0.331264
3 0.859 0.407591 0.0213057 0.0443268 0.329074
3 0.287239 0.429691 0.0300595 0.0438832 0.327303
3 0.718159 0.532533 0.0337099 0.0630727 0.302674
0 0.615293 0.513345 0.0290711 0.0705753 0.300434
