5 0.835294 0.640397 0.122721 0.283303 0.841347
2 0.701424 0.557037 0.131196 0.112199 0.829102
2 0.556449 0.589269 0.108793 0.147632 0.632051
2 0.42335 0.367853 0.035475 0.0492002 0.597471
3 0.36202 0.510446 0.0255041 0.073712 0.589295
3 0.473526 0.707692 0.0436236 0.113565 0.455039
3 0.552472 0.449006 0.0358217 0.0558183 0.451919
3 0.393258 0.453216 0.0204789 0.0567087 0.442521
3 0.408591 0.584085 0.0331124 0.0582506 0.441711
3 0.454776 0.535023 0.0263352 0.0612702 0.384348
2 0.361226 0.298023 0.0264597 0.0224075 0.380162
0 0.453878 0.517254 0.0261732 0.0695347 0.373187
3 0.434961 0.443625 0.0198037 0.0509331 0.363998
