2 0.190438 0.618455 0.174756 0.174281 0.864882
2 0.54595 0.363147 0.0287802 0.0299962 0.638779
0 0.163477 0.745215 0.066502 0.0976403 0.611187
3 0.723646 0.550691 0.0378397 0.0736023 0.60238
3 0.387023 0.540037 0.0669402 0.0594566 0.592816
2 0.666775 0.442889 0.108632 0.0664736 0.570258
0 0.723962 0.550401 0.0381422 0.0720012 0.476008
3 0.479455 0.555812 0.0646941 0.0629741 0.459832
3 0.301758 0.475203 0.0283083 0.0523625 0.435607
3 0.478511 0.401999 0.0210769 0.0369952 0.416606
3 0.673461 0.477073 0.0496689 0.0586894 0.408106
2 0.203186 0.765179 0.105081 0.0613346 0.35727
2 0.568264 0.32125 0.0204272 0.0225735 0.341504
