2 0.446977 0.549669 0.0623165 0.0957118 0.771831
2 0.522802 0.472223 0.0473585 0.0658409 0.758471
2 0.583501 0.410468 0.0359841 0.0439753 0.707124
2 0.525941 0.374689 0.0293897 0.0393227 0.66992
2 0.466087 0.434701 0.0390441 0.0499699 0.544705
2 0.564645 0.373054 0.0236246 0.0262954 0.464148
0 0.353429 0.527221 0.0184129 0.0579764 0.462686
2 0.66477 0.409534 0.0684082 0.0362565 0.440663
7 0.43678 0.391536 0.0374338 0.0669828 0.419707
2 0.682674 0.410374 0.0357944 0.0342433 0.403895
0 0.366245 0.456691 0.0123668 0.0403876 0.391316
2 0.63231 0.500473 0.0457821 0.0654331 0.390067
0 0.411944 0.683111 0.027232 0.0944304 0.365023
0 0.366845 0.630565 0.0261514 0.0535092 0.325492
2 0.334509 0.383524 0.0276733 0.0322691 0.315052
