2 0.539724 0.478982 0.13624 0.16015 0.819855
2 0.402389 0.299459 0.0589981 0.0602403 0.783316
2 0.723105 0.380823 0.143461 0.0748935 0.734657
0 0.244484 0.397608 0.0244411 0.0708824 0.557856
3 0.611408 0.748162 0.0701959 0.0937016 0.551995
0 0.341451 0.433648 0.0215931 0.066662 0.459459
0 0.614794 0.737006 0.0626517 0.116101 0.442124
0 0.407893 0.737337 0.0622036 0.0939327 0.433437
2 0.312857 0.26711 0.0426544 0.0530329 0.429598
0 0.22168 0.322908 0.0203876 0.0626104 0.386753
0 0.302427 0.338541 0.0192975 0.0524148 0.386054
3 0.317697 0.550943 0.0426513 0.104833 0.364061
0 0.338665 0.430331 0.0296228 0.0713826 0.31243
0 0.618557 0.719864 0.051122 0.0816845 0.31087
