2 0.581097 0.525773 0.046056 0.0755567 0.584418
0 0.529584 0.761122 0.0326624 0.0702505 0.560091
0 0.332842 0.680731 0.0268761 0.0922283 0.529538
3 0.455163 0.60355 0.023251 0.0598778 0.513096
3 0.528315 0.573487 0.0233124 0.0634158 0.492509
3 0.291728 0.601713 0.0297507 0.0650723 0.470801
2 0.51033 0.371709 0.028081 0.0421649 0.466994
0 0.197445 0.76283 0.0490485 0.069126 0.438521
0 0.33619 0.606801 0.0251484 0.0685419 0.414271
3 0.41359 0.548688 0.0218678 0.0662633 0.380049
7 0.563299 0.352572 0.033054 0.0561391 0.36679
0 0.454869 0.587541 0.0238399 0.0690283 0.361073
0 0.47147 0.457763 0.0138504 0.0445634 0.32928
0 0.349132 0.758587 0.0326836 0.0741732 0.311595
