2 0.218209 0.579741 0.139132 0.137043 0.8038
2 0.309951 0.52258 0.135477 0.117523 0.795558
2 0.770798 0.747832 0.19796 0.095694 0.592651
2 0.754842 0.457396 0.0874101 0.0648471 0.561475
2 0.143653 0.387022 0.0522322 0.0530803 0.544029
2 0.860165 0.408091 0.0563261 0.0445959 0.519779
2 0.372827 0.326836 0.0461524 0.026126 0.467256
3 0.565458 0.629651 0.0742986 0.0565581 0.430654
3 0.142457 0.705354 0.0772913 0.0976443 0.379567
3 0.138836 0.512826 0.0422061 0.0775896 0.362736
3 0.573775 0.765038 0.0861473 0.0617468 0.353562
0 0.580572 0.730462 0.0326506 0.0638237 0.33813
0 0.589176 0.74616 0.0493391 0.0930488 0.329691
3 0.356852 0.666473 0.041327 0.0790242 0.313237
3 0.833187 0.555139 0.0477643 0.0600508 0.306226
2 0.743259 0.459339 0.0657337 0.0625426 0.30131
0 0.352875 0.616227 0.0369525 0.0775743 0.300227
