2 0.654405 0.520397 0.100507 0.090772 0.827574
2 0.837082 0.742416 0.119168 0.105367 0.733144
2 0.630953 0.36483 0.040004 0.0365143 0.555158
2 0.332726 0.316287 0.0224361 0.0420174 0.54334
5 0.315922 0.426042 0.0597131 0.111134 0.537413
2 0.42492 0.378522 0.0341285 0.0411812 0.470566
2 0.515311 0.391211 0.0549397 0.0642813 0.431545
7 0.315784 0.426352 0.060179 0.109537 0.42857
0 0.607854 0.433541 0.017823 0.0467251 0.413775
0 0.21381 0.567165 0.022829 0.0691417 0.372904
3 0.202118 0.605573 0.0340594 0.0537956 0.363419
3 0.14754 0.606855 0.0444364 0.0690446 0.361811
3 0.231994 0.492034 0.0276227 0.0448839 0.336221
3 0.876496 0.614813 0.0398086 0.0637644 0.324647
7 0.516005 0.391871 0.0563501 0.0686348 0.304538
0 0.587043 0.445693 0.0187163 0.0500161 0.301989
