2 0.572798 0.559873 0.0847211 0.106493 0.80636
0 0.456645 0.746442 0.0490212 0.0985462 0.643271
2 0.743559 0.649795 0.107515 0.176842 0.602132
2 0.692789 0.484199 0.0518597 0.071848 0.584772
2 0.777857 0.366982 0.0263733 0.0278337 0.550179
3 0.121494 0.642141 0.0366643 0.0834678 0.486331
3 0.439867 0.57281 0.0371439 0.0812121 0.44374
2 0.763009 0.416552 0.0370508 0.0535794 0.438752
3 0.311517 0.752998 0.0683269 0.0856449 0.412929
3 0.438737 0.586283 0.0348976 0.0578146 0.384386
2 0.790871 0.332408 0.0241165 0.0316106 0.360573
3 0.594025 0.466167 0.0179384 0.0426909 0.320964
3 0.120286 0.655239 0.0336699 0.0597601 0.3157
