2 0.376027 0.411632 0.0774884 0.0442735 0.679005
3 0.76072 0.686185 0.0776171 0.092152 0.596114
2 0.529326 0.406546 0.0453216 0.0808749 0.494435
3 0.213358 0.446421 0.0341791 0.0471928 0.434435
0 0.793361 0.749756 0.0538203 0.0944114 0.433792
0 0.741187 0.575962 0.0299411 0.0713595 0.418822
0 0.116829 0.541629 0.0240378 0.0739438 0.408118
0 0.820036 0.554988 0.0313365 0.0630265 0.385944
3 0.809104 0.616288 0.0483957 0.0828999 0.355325
0 0.652579 0.559902 0.0353224 0.0784971 0.343493
3 0.653713 0.565864 0.0394955 0.0709554 0.328612
7 0.529661 0.405423 0.0452881 0.0811915 0.315219
3 0.865445 0.728222 0.0464878 0.108455 0.300228
