2 0.445693 0.636516 0.0888184 0.1404 0.845846
2 0.381254 0.4249 0.0379105 0.0485413 0.584187
2 0.487093 0.45687 0.0728258 0.062262 0.577834
2 0.570958 0.486432 0.0623219 0.0681995 0.528612
2 0.442959 0.501267 0.0570232 0.0705021 0.521636
0 0.426618 0.761387 0.0387676 0.068484 0.518744
2 0.446375 0.374519 0.0369165 0.0294061 0.513543
2 0.660129 0.567571 0.117152 0.130646 0.46195
0 0.679962 0.747115 0.0242026 0.0901435 0.407667
0 0.279439 0.50457 0.0149433 0.0541475 0.328712
7 0.19474 0.422943 0.068912 0.0611884 0.302432
