2 0.29469 0.411155 0.0369006 0.0464113 0.714533
2 0.388848 0.355393 0.0279486 0.0268514 0.612951
3 0.206403 0.551429 0.0314051 0.0679194 0.525428
3 0.247974 0.51571 0.0263034 0.0676038 0.524064
3 0.284525 0.541047 0.0260373 0.0660441 0.513073
2 0.330396 0.332167 0.0229858 0.0251295 0.485625
7 0.161563 0.707342 0.1142 0.173606 0.47779
3 0.693047 0.502525 0.0290913 0.0565206 0.472792
2 0.3622 0.323279 0.0168757 0.019954 0.444584
0 0.28305 0.49076 0.0239851 0.0597951 0.43931
2 0.161349 0.707258 0.113073 0.173067 0.372173
0 0.282508 0.481892 0.0241124 0.0462203 0.365781
2 0.268251 0.389317 0.0161368 0.0330929 0.345028
0 0.283298 0.504594 0.0263202 0.09094 0.311038
