2 0.455267 0.428223 0.0329439 0.0369436 0.738831
2 0.632914 0.378832 0.030979 0.0295015 0.599195
2 0.627637 0.377715 0.0405483 0.0297707 0.520063
3 0.529228 0.581894 0.0261116 0.0631863 0.454705
3 0.345511 0.568761 0.0251545 0.0605769 0.431929
2 0.406992 0.351558 0.0248367 0.0241238 0.426965
3 0.794702 0.604384 0.0402045 0.047032 0.424734
2 0.743229 0.476066 0.0342915 0.0419091 0.393895
2 0.733658 0.472363 0.0530468 0.042646 0.383905
2 0.80274 0.406605 0.0429714 0.0290157 0.379993
2 0.409095 0.344926 0.0282015 0.0374976 0.356151
2 0.73083 0.464603 0.0490585 0.039453 0.340483
0 0.604285 0.76688 0.0204077 0.057676 0.331083
3 0.346937 0.576512 0.0267816 0.0464261 0.32322
