2 0.142 0.729827 0.0763115 0.129326 0.811558
2 0.545531 0.405725 0.0441198 0.0533896 0.721271
2 0.362572 0.490681 0.0858958 0.0915198 0.701034
2 0.568856 0.340489 0.0275721 0.0317008 0.644299
2 0.174386 0.395713 0.0769775 0.0423946 0.563306
2 0.479034 0.489697 0.0813446 0.107976 0.543611
2 0.596162 0.36739 0.0341058 0.0401411 0.53227
2 0.544731 0.305912 0.0209637 0.0197465 0.422899
3 0.579131 0.739325 0.0506146 0.0684985 0.365245
0 0.571482 0.677381 0.0350975 0.0898466 0.331503
7 0.479212 0.490278 0.079927 0.108479 0.317856
