2 0.375931 0.389547 0.057212 0.0629888 0.772971
2 0.871553 0.645363 0.0492413 0.119395 0.770617
3 0.689921 0.61117 0.0585274 0.106275 0.615015
3 0.602362 0.695778 0.0488844 0.110235 0.472252
3 0.513652 0.530456 0.0335578 0.093254 0.465548
3 0.642423 0.549565 0.0424385 0.0828602 0.437358
3 0.725096 0.536525 0.0416793 0.0613784 0.426112
0 0.457121 0.582579 0.0366703 0.0974857 0.415145
3 0.456344 0.605999 0.0323833 0.0518403 0.3821
3 0.551091 0.49199 0.0264019 0.0484372 0.376283
3 0.365683 0.516444 0.0235525 0.0638283 0.375841
2 0.319669 0.329764 0.0308751 0.0390852 0.355486
3 0.607364 0.498357 0.0313279 0.0581822 0.347314
3 0.464397 0.412966 0.0262516 0.0525818 0.315937
3 0.456057 0.593798 0.0347005 0.0767778 0.310341
0 0.51442 0.530584 0.031761 0.0905214 0.309565
2 0.337525 0.313002 0.0348188 0.028474 0.302654
