2 0.442611 0.616841 0.14907 0.15974 0.819514
2 0.591114 0.465887 0.0500063 0.0622009 0.633111
2 0.604456 0.410144 0.0332634 0.0404372 0.50104
5 0.672572 0.454887 0.0502255 0.0748957 0.463315
3 0.602869 0.694235 0.0320642 0.0696762 0.396524
2 0.631691 0.384814 0.0266487 0.0297637 0.378929
3 0.603712 0.681012 0.0372913 0.0946979 0.360679
2 0.65496 0.371055 0.0262972 0.0252328 0.348487
2 0.510895 0.34202 0.0296274 0.0213636 0.338735
0 0.6202 0.508102 0.0246271 0.0693146 0.329654
2 0.672686 0.455451 0.0498309 0.0767036 0.324326
3 0.38997 0.448234 0.0239464 0.043591 0.321002
