2 0.44931 0.597168 0.137497 0.146028 0.84102
2 0.850383 0.7296 0.0920328 0.13432 0.840156
2 0.564908 0.567653 0.128286 0.128734 0.761419
2 0.741256 0.752622 0.190917 0.0867411 0.67203
2 0.642183 0.368462 0.0526182 0.0283919 0.605709
7 0.420796 0.43339 0.0876395 0.10923 0.564647
2 0.614948 0.352977 0.0548705 0.0362773 0.530406
7 0.338448 0.389371 0.0609561 0.0582326 0.465507
5 0.479534 0.346505 0.120464 0.0516738 0.456474
3 0.19226 0.485722 0.0198799 0.0490703 0.44337
3 0.333037 0.454899 0.0249575 0.0473695 0.431166
2 0.189272 0.385246 0.0403465 0.0375545 0.423043
2 0.730699 0.360586 0.0462457 0.0272281 0.417036
2 0.368556 0.344802 0.0260928 0.0227857 0.415456
3 0.843259 0.509537 0.0489007 0.0480291 0.401249
3 0.236414 0.55336 0.0261874 0.0601148 0.391981
7 0.479723 0.346205 0.119964 0.0525915 0.351496
3 0.162836 0.500102 0.0210756 0.0554539 0.344776
0 0.163142 0.49958 0.0206841 0.0562986 0.34146
3 0.193585 0.47996 0.023267 0.0604453 0.333264
3 0.195405 0.7013 0.0368858 0.069866 0.314153
2 0.684443 0.355078 0.0411453 0.0266672 0.310218
0 0.519063 0.489296 0.0173492 0.047004 0.303111
2 0.255569 0.417787 0.0637439 0.0811042 0.302911
