2 0.458781 0.584082 0.141152 0.125423 0.784832
3 0.471892 0.662713 0.0646652 0.118394 0.577574
0 0.240447 0.691276 0.0501331 0.0888474 0.566007
3 0.810506 0.496501 0.0386452 0.0557388 0.527079
3 0.236179 0.715568 0.102462 0.091108 0.516993
2 0.785326 0.345234 0.0223919 0.0226989 0.495975
3 0.243379 0.490391 0.0361805 0.0728613 0.489008
3 0.32645 0.626526 0.0745032 0.0689301 0.467214
3 0.148275 0.475201 0.0311255 0.0752237 0.465013
3 0.175197 0.62863 0.0466571 0.0790012 0.44252
3 0.118579 0.747759 0.0292391 0.0952947 0.431048
2 0.807573 0.420724 0.0318253 0.0416822 0.388594
3 0.693065 0.50355 0.0471567 0.0550778 0.383914
2 0.862633 0.405591 0.0386541 0.0371431 0.372164
2 0.660978 0.331191 0.0316331 0.0212478 0.352039
3 0.397494 0.475441 0.0546777 0.051052 0.345735
2 0.865497 0.396796 0.0326559 0.024889 0.307669
3 0.783242 0.438381 0.0229065 0.0440565 0.305872
3 0.20959 0.448437 0.0256997 0.0460436 0.304156
