2 0.473526 0.508326 0.104148 0.0786688 0.861699
2 0.263042 0.403923 0.0383813 0.0419412 0.660256
2 0.164217 0.370266 0.0230771 0.0204846 0.473048
3 0.184594 0.736147 0.0945073 0.0930701 0.459245
3 0.666494 0.566093 0.0345527 0.0667907 0.44891
2 0.213151 0.403424 0.0443458 0.0331771 0.437547
3 0.58405 0.545732 0.0310743 0.0562795 0.391537
2 0.724929 0.425414 0.0362873 0.0332239 0.376005
2 0.212729 0.392182 0.0454723 0.0557332 0.357136
3 0.47622 0.612902 0.0416842 0.0761824 0.307747
3 0.630497 0.537293 0.0331622 0.0605052 0.305012
