2 0.470486 0.664965 0.101108 0.189689 0.791414
5 0.467949 0.485815 0.072611 0.167258 0.717294
2 0.379573 0.522821 0.0769978 0.109906 0.686521
2 0.139347 0.526435 0.0719955 0.127294 0.682396
2 0.42878 0.401814 0.0455113 0.0576784 0.537211
3 0.30569 0.759376 0.070559 0.0741423 0.471334
3 0.753706 0.466597 0.0292111 0.0600405 0.469839
0 0.334951 0.630872 0.03711 0.0872383 0.468279
2 0.38233 0.462132 0.0582232 0.0644028 0.413209
2 0.380091 0.455572 0.0513231 0.0493731 0.393228
3 0.372275 0.696746 0.0479007 0.0826677 0.38106
2 0.40958 0.302854 0.0328468 0.0306344 0.36895
0 0.290608 0.710736 0.0482575 0.114938 0.347089
0 0.206323 0.740535 0.0599908 0.110562 0.315499
2 0.368251 0.393067 0.0434113 0.0501438 0.308512
