3 0.20897 0.500526 0.0553638 0.0607011 0.570136
0 0.587511 0.445345 0.0164864 0.0516497 0.496048
3 0.299009 0.488984 0.0460388 0.0635247 0.495717
9 0.732402 0.277056 0.0130188 0.0446898 0.486016
2 0.837779 0.738755 0.116986 0.112513 0.4856
3 0.560729 0.535575 0.0270563 0.0844884 0.471582
3 0.116981 0.521412 0.0255641 0.0401089 0.430305
3 0.346221 0.461015 0.0320787 0.0431942 0.429932
3 0.482502 0.442289 0.0277117 0.0461466 0.346155
3 0.397304 0.466822 0.0387437 0.0437982 0.327172
3 0.346983 0.449836 0.0318094 0.0618083 0.322622
