2 0.462405 0.390258 0.028603 0.0353726 0.681168
2 0.466074 0.532092 0.0652728 0.0981762 0.676096
2 0.447846 0.449921 0.0419335 0.0501442 0.659547
2 0.52864 0.346533 0.0272287 0.0217387 0.561166
2 0.578761 0.34399 0.0269463 0.023302 0.560482
3 0.308218 0.575275 0.0222811 0.0619795 0.50861
2 0.424455 0.351751 0.0219 0.023311 0.485805
2 0.639671 0.532673 0.106689 0.104795 0.47114
2 0.800249 0.416343 0.0334087 0.0345416 0.405184
2 0.726106 0.426471 0.0264358 0.0328833 0.396378
7 0.639797 0.532705 0.106295 0.104523 0.392771
0 0.143733 0.501668 0.0181294 0.0500904 0.376542
3 0.32463 0.506852 0.0237212 0.0461801 0.339908
