2 0.361489 0.471861 0.0632526 0.0716766 0.830972
2 0.463995 0.3922 0.0441868 0.0467989 0.703665
5 0.831536 0.357721 0.127401 0.0621645 0.601374
2 0.280454 0.369616 0.0631968 0.0368265 0.591779
3 0.608657 0.475704 0.0466774 0.0489144 0.587767
3 0.21526 0.763397 0.0402596 0.0652967 0.574813
2 0.650823 0.361243 0.0532467 0.0274235 0.572003
3 0.446626 0.50607 0.02083 0.0650701 0.537783
0 0.2128 0.731154 0.0412354 0.0943269 0.535123
3 0.722485 0.518141 0.0632486 0.0641127 0.409108
0 0.244429 0.445908 0.0198341 0.0466218 0.386487
0 0.211552 0.716518 0.0388162 0.064996 0.332672
3 0.244056 0.446093 0.0199736 0.0467627 0.324447
2 0.398119 0.435589 0.0624816 0.0595847 0.319179
3 0.467148 0.45983 0.025705 0.0451634 0.314219
3 0.817508 0.534488 0.068258 0.0503974 0.311052
