2 0.686059 0.473381 0.140465 0.0742448 0.770992
2 0.511542 0.457367 0.0697862 0.0714535 0.680993
2 0.453934 0.549422 0.107831 0.110056 0.666018
5 0.333557 0.402969 0.108669 0.0958729 0.618095
2 0.396592 0.457967 0.0527567 0.0722001 0.553686
3 0.297705 0.641679 0.038943 0.0668597 0.475992
3 0.149403 0.571143 0.0309022 0.0735404 0.472152
3 0.196162 0.458678 0.0210666 0.048343 0.46739
2 0.869219 0.37882 0.052926 0.0399085 0.456479
3 0.816833 0.536174 0.0688673 0.0730772 0.42932
3 0.255938 0.491701 0.0272594 0.0516694 0.383352
0 0.250044 0.449784 0.0202769 0.0668517 0.375879
2 0.255596 0.381938 0.0563062 0.0307811 0.373063
3 0.22354 0.540489 0.024427 0.0640729 0.337927
0 0.223581 0.53856 0.0233554 0.0644625 0.313274
