2 0.505503 0.480811 0.115427 0.0594781 0.865759
2 0.254551 0.403611 0.0492754 0.0384577 0.772866
2 0.73724 0.47717 0.147328 0.0696699 0.680397
2 0.882728 0.469569 0.0286916 0.0485915 0.597383
2 0.787983 0.374197 0.0543513 0.0297216 0.585072
2 0.87721 0.36733 0.0363345 0.0487627 0.556977
2 0.699132 0.362802 0.0527067 0.0335701 0.474749
2 0.413154 0.354458 0.0336473 0.0226984 0.470358
2 0.323305 0.397239 0.0439982 0.0550856 0.44937
3 0.384061 0.486944 0.0369018 0.0379478 0.448158
3 0.313668 0.485817 0.028056 0.0469699 0.438203
7 0.396949 0.413987 0.0712949 0.0939791 0.43332
3 0.184854 0.453612 0.019943 0.0466559 0.420677
2 0.654868 0.366652 0.0456547 0.0256912 0.405588
3 0.246085 0.475317 0.0255914 0.0497014 0.401056
3 0.675962 0.50904 0.0563175 0.0604992 0.384076
3 0.775002 0.521005 0.0678377 0.0666638 0.340655
3 0.181645 0.442369 0.0245179 0.0416756 0.326376
