2 0.34518 0.442923 0.0493036 0.0590185 0.809368
2 0.52045 0.502618 0.0922489 0.0953607 0.794321
2 0.291357 0.403473 0.0406581 0.0462555 0.631565
2 0.46077 0.360183 0.0486921 0.0355159 0.620452
3 0.298082 0.535492 0.023892 0.0674643 0.573238
0 0.18311 0.577035 0.0235335 0.0681594 0.539573
2 0.656314 0.359767 0.062265 0.0351329 0.521591
2 0.435655 0.424794 0.0328825 0.0391546 0.468572
2 0.277564 0.359478 0.0224289 0.0215615 0.432672
2 0.305638 0.380831 0.027869 0.0327469 0.391384
2 0.880944 0.381216 0.0285105 0.0401731 0.390387
0 0.298011 0.532912 0.0245179 0.0717675 0.353964
2 0.556212 0.365238 0.0576821 0.0425431 0.353025
3 0.428155 0.475865 0.0349893 0.0481906 0.351682
2 0.440916 0.430519 0.0453803 0.0495864 0.308729
2 0.379588 0.377606 0.0586396 0.0308946 0.301545
