2 0.441145 0.573729 0.127416 0.11903 0.888199
2 0.345581 0.530208 0.119943 0.0966588 0.845099
2 0.66894 0.417218 0.0697283 0.0626744 0.761115
2 0.87199 0.364318 0.0482419 0.0571344 0.678425
0 0.619556 0.754544 0.0432964 0.0836531 0.660753
0 0.516383 0.722298 0.0422731 0.0821442 0.607069
2 0.412931 0.34776 0.083409 0.0593474 0.593923
3 0.308521 0.458322 0.0447922 0.0716338 0.551609
0 0.388899 0.704794 0.0597448 0.112434 0.543038
0 0.513541 0.736558 0.0489237 0.110719 0.538425
2 0.701517 0.3752 0.0526222 0.0453232 0.528524
3 0.262245 0.432897 0.0449443 0.0726475 0.496106
3 0.297869 0.621097 0.0657917 0.086785 0.493469
3 0.514877 0.761034 0.0547064 0.068679 0.388672
3 0.411787 0.46199 0.0352463 0.066839 0.379988
7 0.64843 0.312528 0.0531168 0.0511855 0.362039
0 0.653055 0.642229 0.0429542 0.103415 0.322742
2 0.231882 0.344973 0.0669351 0.0461956 0.322425
2 0.740767 0.362206 0.0326778 0.0292143 0.321429
3 0.133732 0.371548 0.0380613 0.0453097 0.301857
