2 0.610116 0.4768 0.0965486 0.115408 0.707347
0 0.402998 0.473725 0.0328106 0.0767793 0.573334
7 0.481914 0.673149 0.232659 0.237502 0.49467
2 0.680973 0.35111 0.0352582 0.044546 0.484668
2 0.615632 0.328721 0.0311125 0.0356745 0.458423
0 0.669205 0.628234 0.0487118 0.118417 0.442647
2 0.211294 0.314297 0.0416294 0.0304509 0.382718
3 0.614845 0.561056 0.0386948 0.0923479 0.348239
1 0.493682 0.472767 0.0345518 0.0739633 0.338456
3 0.665334 0.639265 0.0647883 0.118344 0.318435
0 0.708175 0.488978 0.0337974 0.0835068 0.314595
