2 0.702675 0.567925 0.13797 0.112247 0.842456
2 0.788291 0.720987 0.213668 0.151418 0.790667
2 0.263034 0.689991 0.114901 0.211456 0.758567
2 0.482602 0.485809 0.0818209 0.1174 0.739737
0 0.590155 0.745683 0.0536606 0.102591 0.724778
2 0.567245 0.459132 0.0755379 0.06668 0.576615
2 0.580769 0.324201 0.0225865 0.0277731 0.537367
0 0.368883 0.686017 0.039158 0.111648 0.534385
5 0.364605 0.384048 0.0632493 0.115804 0.515366
2 0.43916 0.419708 0.040904 0.059302 0.514423
2 0.480208 0.752035 0.126003 0.0860606 0.508158
2 0.86901 0.68808 0.0540803 0.084128 0.390397
2 0.708695 0.491882 0.120636 0.0757687 0.361873
2 0.872309 0.539641 0.0476417 0.101201 0.359512
2 0.816539 0.407803 0.0360716 0.0512348 0.358905
2 0.716612 0.502569 0.142881 0.0967221 0.349861
3 0.406159 0.586434 0.0283859 0.0683251 0.332072
0 0.405562 0.569093 0.0285686 0.0873309 0.330495
