2 0.566739 0.505 0.0895735 0.0648162 0.822966
2 0.285045 0.460276 0.0505733 0.0657108 0.725824
3 0.747429 0.568699 0.0493505 0.0740997 0.62864
2 0.359289 0.408821 0.0544139 0.0411209 0.626722
5 0.23024 0.39477 0.137334 0.0653037 0.600042
2 0.505044 0.461705 0.0665705 0.0558091 0.578219
0 0.31273 0.715497 0.0351906 0.100977 0.519469
2 0.458373 0.373773 0.0497766 0.036392 0.437003
3 0.845332 0.596248 0.0590324 0.0794294 0.422308
2 0.522184 0.384487 0.0482215 0.0307964 0.400499
0 0.350619 0.46036 0.0147343 0.0430497 0.353065
3 0.315212 0.750641 0.034617 0.0897806 0.338042
3 0.845991 0.60806 0.0598892 0.058065 0.323762
