2 0.382006 0.495498 0.0634178 0.0739615 0.801017
5 0.423722 0.394542 0.0963875 0.0850268 0.728996
2 0.828934 0.724083 0.134247 0.143201 0.727363
2 0.308608 0.412216 0.0657447 0.0404669 0.669204
2 0.59589 0.356345 0.0528017 0.0342748 0.667803
2 0.167304 0.398457 0.0696015 0.0380166 0.664891
0 0.363548 0.745414 0.0427299 0.101043 0.65546
3 0.849974 0.467139 0.0470946 0.0578081 0.504089
2 0.244239 0.365731 0.0263272 0.0455551 0.502677
3 0.508273 0.569311 0.062172 0.0702862 0.475033
0 0.293867 0.570677 0.0254136 0.0804581 0.471311
2 0.521463 0.358928 0.0508587 0.0299686 0.436174
2 0.286506 0.393413 0.0296972 0.0333261 0.432955
3 0.160276 0.549384 0.0353087 0.0700818 0.408412
2 0.377689 0.43237 0.0727429 0.0831582 0.407104
0 0.190711 0.474907 0.01861 0.0485993 0.393688
0 0.196167 0.667741 0.036088 0.0742772 0.342003
3 0.195396 0.694474 0.0365662 0.0973634 0.322477
0 0.488259 0.519817 0.0220665 0.061796 0.314936
3 0.363742 0.769449 0.0411131 0.0543067 0.306811
3 0.643436 0.548487 0.0598043 0.0685391 0.300085
