5 0.153135 0.431746 0.0985597 0.120901 0.515923
2 0.52813 0.344569 0.0251769 0.0257739 0.473896
3 0.581852 0.542666 0.0494104 0.0691703 0.459876
3 0.453045 0.543775 0.0470765 0.054938 0.449125
3 0.319824 0.401753 0.0222773 0.0359646 0.440898
3 0.33126 0.404391 0.0289699 0.0398505 0.395998
0 0.638756 0.458434 0.018979 0.0497146 0.392421
3 0.388006 0.509612 0.039571 0.0505624 0.350704
3 0.66172 0.495073 0.0248413 0.0523187 0.336334
0 0.388193 0.50392 0.0382922 0.0565398 0.322734
7 0.152976 0.431053 0.0997416 0.120515 0.321907
0 0.716147 0.502214 0.0182808 0.045685 0.315702
