2 0.563192 0.364411 0.0310554 0.0387478 0.698798
0 0.643153 0.739174 0.0427634 0.108984 0.668402
3 0.358977 0.462515 0.020643 0.0528824 0.637483
2 0.522592 0.342514 0.0305787 0.0354933 0.596494
3 0.28914 0.549929 0.0374134 0.077773 0.558532
3 0.222503 0.568037 0.0426959 0.067637 0.524042
3 0.607162 0.436702 0.0181043 0.0506653 0.501833
0 0.422003 0.38293 0.0165534 0.0508996 0.467873
2 0.454579 0.338628 0.0458982 0.0293892 0.458273
3 0.250875 0.511615 0.0300657 0.0703145 0.449244
3 0.397305 0.434096 0.0190616 0.0446698 0.411751
3 0.298237 0.469573 0.0294616 0.0584657 0.400207
3 0.642164 0.764588 0.0395172 0.0658223 0.325932
3 0.806143 0.450804 0.0518887 0.0526829 0.316111
3 0.224024 0.555882 0.046674 0.0904822 0.312288
2 0.524533 0.336902 0.0346667 0.0470762 0.301581
