2 0.69568 0.436103 0.100048 0.0584519 0.876601
2 0.538849 0.546606 0.0764008 0.111801 0.779958
2 0.517106 0.451467 0.064192 0.0872976 0.764995
2 0.578022 0.384661 0.0344935 0.0443047 0.710855
2 0.708459 0.377785 0.0358952 0.0440787 0.687715
2 0.528137 0.372577 0.0376958 0.0557741 0.588685
0 0.605885 0.682377 0.0393442 0.0940468 0.439149
3 0.174353 0.625671 0.0550184 0.0735189 0.438345
2 0.694648 0.341122 0.0234667 0.0326387 0.436382
5 0.322287 0.564423 0.174441 0.242404 0.426808
3 0.471385 0.533278 0.0349995 0.0742253 0.34961
