5 0.732858 0.474987 0.270676 0.287153 0.942638
0 0.578143 0.54046 0.0402706 0.098388 0.568895
2 0.577498 0.383758 0.0566382 0.0542126 0.526612
3 0.980907 0.626495 0.0259372 0.0982257 0.473121
0 0.921602 0.606901 0.0493029 0.099374 0.461302
3 0.919758 0.64878 0.0629739 0.0940945 0.454863
0 0.10099 0.516554 0.0467789 0.0945314 0.448228
0 0.213629 0.497048 0.0363946 0.0879502 0.438893
2 0.555476 0.353842 0.0467983 0.0572281 0.394346
3 0.5816 0.574037 0.0428851 0.0810527 0.35774
3 0.483955 0.40831 0.0342838 0.049601 0.335455
0 0.0184352 0.512531 0.0235356 0.0770704 0.329415
3 0.291481 0.446515 0.064297 0.0760929 0.314308
