2 0.455292 0.691007 0.0996231 0.136282 0.822645
2 0.42704 0.511828 0.0468191 0.0710138 0.768781
2 0.414049 0.391311 0.0327182 0.0398246 0.555928
0 0.579595 0.713241 0.0324047 0.0748623 0.528338
7 0.344471 0.595104 0.145158 0.200814 0.519521
2 0.443117 0.461167 0.0424913 0.0541432 0.512507
3 0.16199 0.570938 0.0440412 0.0707939 0.466837
3 0.575474 0.606504 0.026663 0.0760037 0.462045
0 0.587831 0.498812 0.0210686 0.0561689 0.451049
3 0.578962 0.764231 0.0280327 0.0468984 0.422684
7 0.205417 0.737588 0.207168 0.113252 0.418554
2 0.466507 0.403917 0.0285359 0.0369315 0.390501
2 0.387632 0.377831 0.0318938 0.0408975 0.378879
0 0.519526 0.449206 0.0170055 0.0442001 0.348261
3 0.575373 0.621134 0.0261315 0.0520131 0.345169
2 0.468698 0.396758 0.0299247 0.0480287 0.314351
2 0.446967 0.422945 0.0367519 0.0476031 0.310619
2 0.470746 0.387015 0.032457 0.0477177 0.302588
