2 0.707943 0.616281 0.149036 0.118974 0.861184
2 0.81515 0.740041 0.16001 0.110628 0.76409
3 0.688722 0.470454 0.0334153 0.0551902 0.489912
3 0.528263 0.436611 0.0312169 0.0443985 0.437876
0 0.324737 0.778605 0.0277664 0.0346115 0.398402
0 0.530155 0.331748 0.0132121 0.037015 0.381199
2 0.362075 0.378527 0.0301679 0.0317392 0.375546
3 0.803341 0.403253 0.085429 0.0572586 0.357188
3 0.2955 0.388305 0.027744 0.0386396 0.321809
0 0.572522 0.335309 0.0134102 0.0435163 0.30963
2 0.486034 0.343322 0.0318835 0.0267909 0.302388
