3 0.246406 0.707163 0.0869789 0.120292 0.621127
3 0.607312 0.471406 0.024902 0.0418571 0.49115
3 0.522545 0.610238 0.0406917 0.0588417 0.460907
3 0.319807 0.739407 0.0743026 0.090558 0.44504
3 0.522712 0.597677 0.0407343 0.0835907 0.442589
2 0.270027 0.409551 0.0377569 0.0375187 0.430707
3 0.488867 0.465746 0.0219136 0.0448813 0.380085
3 0.383334 0.613116 0.0548606 0.0823987 0.37833
0 0.240735 0.697641 0.0727215 0.133667 0.375678
3 0.444902 0.493807 0.0274691 0.0553882 0.370508
3 0.633714 0.448295 0.0202181 0.0339796 0.363007
3 0.545116 0.483158 0.0223755 0.0512936 0.334035
3 0.41755 0.542231 0.0357401 0.0555716 0.324771
