2 0.440703 0.516661 0.0549953 0.0845357 0.763821
2 0.442862 0.378059 0.02918 0.0328452 0.726733
2 0.54106 0.419531 0.0334856 0.0452396 0.669476
2 0.332266 0.681919 0.113924 0.17761 0.584585
2 0.645666 0.383993 0.065422 0.0402196 0.567517
2 0.664905 0.575399 0.0777064 0.115179 0.466492
2 0.5163 0.375078 0.0276066 0.0381783 0.462715
2 0.518707 0.370122 0.0290762 0.04244 0.458379
2 0.519973 0.36194 0.0307944 0.0385069 0.455367
0 0.493246 0.549071 0.0215925 0.0668863 0.421974
2 0.61695 0.365523 0.0412653 0.0382537 0.337441
7 0.562249 0.557986 0.0659127 0.124427 0.306601
