2 0.375062 0.576711 0.0696425 0.0922244 0.734213
2 0.4655 0.65759 0.0763184 0.116402 0.733052
2 0.668496 0.74178 0.116618 0.104152 0.706696
2 0.494061 0.493055 0.0449615 0.0666019 0.695138
2 0.450615 0.463336 0.0434919 0.0596891 0.577639
2 0.513813 0.441526 0.0328197 0.0463319 0.484396
2 0.554147 0.396361 0.0272509 0.0335887 0.477819
0 0.55607 0.744287 0.0331342 0.0972869 0.476373
2 0.601905 0.570514 0.0740187 0.124025 0.446241
3 0.354309 0.751022 0.0516476 0.0866817 0.41637
7 0.602192 0.570159 0.0742193 0.124711 0.392954
2 0.459639 0.411858 0.0297119 0.0251698 0.390464
2 0.482713 0.378867 0.0254272 0.0334907 0.356729
0 0.292473 0.598718 0.0224774 0.072936 0.345981
2 0.507623 0.392912 0.0302744 0.0232675 0.344891
0 0.289061 0.598198 0.0198778 0.0784584 0.3371
3 0.214046 0.675375 0.0292672 0.0558452 0.314881
3 0.555323 0.761798 0.0321247 0.0649395 0.307229
