2 0.178191 0.457459 0.107413 0.0887473 0.773873
2 0.788275 0.555742 0.14795 0.126388 0.757293
2 0.675941 0.430659 0.0623849 0.0651456 0.700429
2 0.349816 0.577716 0.0983855 0.142389 0.689999
2 0.140922 0.42767 0.0749095 0.0649215 0.662853
2 0.372254 0.474685 0.0615758 0.0786793 0.641379
5 0.48776 0.584315 0.11695 0.338966 0.574781
2 0.26971 0.378945 0.0758892 0.0828377 0.56868
2 0.320232 0.352081 0.0347127 0.038158 0.481225
0 0.372855 0.703669 0.0439992 0.118647 0.475377
2 0.395501 0.420002 0.0501011 0.079576 0.47346
0 0.303228 0.707699 0.0435797 0.124299 0.420988
2 0.477436 0.392731 0.0440389 0.042333 0.409621
3 0.377758 0.761746 0.0494868 0.0692288 0.398611
0 0.30212 0.674759 0.039744 0.0581127 0.369188
2 0.444627 0.312057 0.0223317 0.0254189 0.363333
2 0.468013 0.360618 0.0304423 0.0337838 0.317386
2 0.474387 0.433728 0.0494787 0.0484188 0.303887
0 0.373104 0.688037 0.0395965 0.0852877 0.301287
