2 0.793946 0.5222 0.157977 0.110897 0.636282
3 0.420449 0.480842 0.0215376 0.0684427 0.569167
2 0.266494 0.643778 0.0994677 0.186688 0.525347
0 0.33589 0.359194 0.0130971 0.0365288 0.443511
2 0.371947 0.297366 0.0305084 0.0314917 0.37507
3 0.654953 0.475366 0.0329801 0.0592194 0.373496
3 0.718221 0.509407 0.0593095 0.078614 0.369439
0 0.556756 0.44625 0.035444 0.0670656 0.353828
0 0.556864 0.437237 0.0337515 0.0495465 0.339652
7 0.376263 0.766484 0.0477964 0.0599238 0.323443
11 0.527135 0.370852 0.0226879 0.036914 0.316939
0 0.711892 0.413725 0.0234167 0.0513581 0.304757
