2 0.2824 0.465505 0.147827 0.0862662 0.793359
3 0.338766 0.737828 0.11201 0.0847842 0.684105
3 0.26775 0.628046 0.0903853 0.0720365 0.602778
0 0.45948 0.670996 0.072415 0.117404 0.532775
3 0.751708 0.587226 0.0855104 0.0755073 0.516716
3 0.848528 0.70624 0.0942715 0.0839501 0.465127
0 0.332765 0.682709 0.05827 0.0883634 0.435881
0 0.263347 0.594423 0.0516525 0.0719495 0.429995
0 0.479293 0.438533 0.0361389 0.0562884 0.418835
0 0.707157 0.390131 0.02295 0.0547948 0.413199
3 0.172392 0.777304 0.0468425 0.0395536 0.354054
3 0.446708 0.512516 0.0674521 0.061984 0.350183
0 0.862631 0.706241 0.0594837 0.0827902 0.342863
0 0.769031 0.400843 0.0171471 0.0388292 0.336211
0 0.769036 0.53451 0.0530847 0.106285 0.322469
