5 0.487865 0.582528 0.190224 0.303604 0.931201
3 0.260467 0.664481 0.0640057 0.0911751 0.628419
3 0.148224 0.691645 0.0890236 0.118603 0.627678
0 0.634249 0.537458 0.0276293 0.0671442 0.476007
0 0.265256 0.627704 0.0499458 0.0971008 0.470745
3 0.331333 0.521566 0.044295 0.0782344 0.40789
3 0.240295 0.408541 0.0373845 0.0527724 0.397047
0 0.148451 0.645315 0.0530706 0.077118 0.383326
0 0.480765 0.376311 0.0193281 0.0459773 0.372012
0 0.599801 0.564422 0.0266657 0.0707566 0.37077
3 0.656225 0.410812 0.0196918 0.0457955 0.342909
3 0.415449 0.433552 0.0271252 0.0558368 0.303603
