2 0.811797 0.722325 0.136975 0.133975 0.883411
2 0.659682 0.667737 0.107654 0.126513 0.854341
2 0.335131 0.628757 0.0917934 0.127236 0.803065
2 0.606156 0.534938 0.050945 0.0657283 0.707373
2 0.64845 0.488613 0.0521603 0.0566521 0.692922
3 0.270464 0.606252 0.0259426 0.0436446 0.510657
2 0.484649 0.376267 0.0202457 0.0257348 0.462378
7 0.561196 0.389862 0.0791542 0.150708 0.430282
2 0.583455 0.479406 0.0440293 0.0402235 0.383097
3 0.229451 0.568007 0.0233334 0.0473971 0.382375
3 0.754368 0.516291 0.0298883 0.0435577 0.375921
2 0.728121 0.69598 0.0421545 0.0805548 0.361914
