2 0.364156 0.413295 0.0737693 0.0879872 0.806046
2 0.32188 0.321632 0.0388053 0.0461872 0.66674
3 0.676516 0.372179 0.0484222 0.0506896 0.537785
0 0.100122 0.626662 0.0493563 0.137474 0.5143
0 0.785841 0.523891 0.0415304 0.098589 0.463105
0 0.235257 0.42246 0.027057 0.0780035 0.432956
3 0.76417 0.380208 0.0487684 0.0469359 0.415755
3 0.839369 0.410123 0.0529246 0.0542927 0.362847
3 0.232735 0.442571 0.0296161 0.0431991 0.345895
3 0.763604 0.387145 0.0471384 0.0329366 0.345755
3 0.515374 0.343332 0.0436867 0.0472622 0.320225
3 0.233749 0.428972 0.0285189 0.0687917 0.3189
