0 0.601303 0.70714 0.0367622 0.127127 0.704628
2 0.545335 0.385803 0.0428107 0.0557913 0.701139
0 0.765956 0.679331 0.0402013 0.116267 0.700108
3 0.751795 0.549654 0.0406822 0.0772929 0.602027
2 0.504803 0.361753 0.0271879 0.0345763 0.580806
3 0.548482 0.583066 0.0301085 0.0748089 0.513659
3 0.329258 0.46115 0.0246174 0.0580705 0.489407
2 0.531144 0.333908 0.0279381 0.0346271 0.436032
3 0.433422 0.532125 0.0245572 0.0529162 0.43001
3 0.11568 0.696734 0.023752 0.0561077 0.40668
0 0.582233 0.47175 0.0208618 0.0642722 0.39644
3 0.78304 0.482031 0.0589142 0.0659159 0.39538
2 0.58276 0.333832 0.0260643 0.0296577 0.388439
3 0.614056 0.461041 0.0332613 0.0543751 0.382704
2 0.444749 0.346961 0.0467603 0.0341883 0.382264
0 0.434318 0.515775 0.0245084 0.0666843 0.317342
3 0.581923 0.472643 0.0206632 0.0633177 0.317112
3 0.629649 0.410951 0.0440527 0.0441449 0.316314
3 0.52238 0.494207 0.022084 0.0697894 0.310748
