2 0.230889 0.436592 0.0727645 0.0416743 0.774347
2 0.360883 0.442042 0.0606473 0.0379978 0.750253
2 0.454484 0.45007 0.0633913 0.0445597 0.693018
0 0.281738 0.764503 0.0350752 0.0628023 0.615402
0 0.328924 0.531822 0.0216215 0.0557889 0.531181
0 0.482278 0.511876 0.0201072 0.0550229 0.482614
2 0.28216 0.418663 0.0566493 0.028421 0.446151
0 0.478984 0.579466 0.0218102 0.0547961 0.445592
0 0.175261 0.498431 0.0194981 0.0477502 0.437318
2 0.397043 0.389166 0.0538764 0.0302453 0.416949
2 0.72106 0.393197 0.037031 0.0453894 0.409201
0 0.478905 0.590448 0.0236377 0.0773137 0.402187
3 0.329574 0.653995 0.030898 0.0685778 0.389512
3 0.329359 0.6377 0.0300488 0.0906972 0.317952
2 0.602632 0.370838 0.0585581 0.0291365 0.312307
