2 0.5701 0.737748 0.14124 0.118192 0.763468
2 0.535699 0.550944 0.0936675 0.102317 0.754133
2 0.619222 0.621788 0.128663 0.17402 0.746032
2 0.65519 0.515171 0.0762937 0.0736249 0.612415
0 0.683872 0.734685 0.0393401 0.119764 0.608787
2 0.78324 0.753554 0.116685 0.0843559 0.60586
2 0.616791 0.460584 0.0616495 0.0700021 0.480217
5 0.694876 0.443157 0.0607879 0.107191 0.453682
0 0.699636 0.638605 0.0336119 0.095999 0.442181
2 0.69655 0.357449 0.0285285 0.0372176 0.438283
3 0.849937 0.723803 0.0608829 0.135734 0.424494
2 0.764198 0.621049 0.0781273 0.134391 0.397681
0 0.574999 0.65811 0.0407835 0.0766908 0.372742
2 0.376427 0.671207 0.245351 0.244716 0.360894
2 0.790556 0.456447 0.0564377 0.0686965 0.345324
7 0.377361 0.671649 0.244193 0.243756 0.340604
