2 0.8031 0.643866 0.184694 0.157631 0.914456
0 0.254794 0.760946 0.0653011 0.0688732 0.733852
2 0.134418 0.463368 0.0613894 0.0919486 0.598315
0 0.510888 0.521118 0.037904 0.0829611 0.486654
3 0.610179 0.55876 0.0768746 0.0792613 0.451532
5 0.330504 0.461654 0.2726 0.181128 0.414001
0 0.200232 0.530761 0.0519763 0.0979973 0.404233
7 0.33069 0.4612 0.273731 0.183326 0.385284
3 0.502515 0.550753 0.052967 0.0560926 0.384324
3 0.207469 0.551237 0.0909202 0.0798194 0.366005
0 0.508977 0.507655 0.0323501 0.0544199 0.364065
3 0.48943 0.752186 0.0786896 0.087728 0.300359
