5 0.530895 0.473011 0.0909479 0.166701 0.850469
2 0.43411 0.550239 0.0917413 0.0968572 0.821496
2 0.207752 0.423502 0.10708 0.0672326 0.564272
0 0.498832 0.670842 0.036725 0.103984 0.522362
3 0.566208 0.606958 0.0303192 0.0838821 0.47454
2 0.777079 0.381249 0.0363901 0.0315522 0.45422
0 0.430882 0.635035 0.0403833 0.0867822 0.435731
3 0.285161 0.514781 0.0284802 0.0683179 0.430454
0 0.665478 0.690477 0.0358873 0.0923436 0.411508
3 0.668409 0.56999 0.0284784 0.0464849 0.401084
3 0.30498 0.456273 0.0239816 0.0559754 0.391561
3 0.56627 0.623174 0.030389 0.0596349 0.378983
0 0.272288 0.743822 0.0525436 0.0803859 0.372711
3 0.604549 0.576924 0.0325268 0.0542689 0.368542
3 0.268354 0.758277 0.065115 0.0750223 0.361779
0 0.613351 0.698334 0.0380916 0.0824238 0.357056
3 0.609651 0.737689 0.040359 0.0635885 0.352898
0 0.430905 0.465305 0.0204334 0.0566937 0.341996
3 0.501128 0.765504 0.0484377 0.0633177 0.317504
2 0.499485 0.352476 0.0279388 0.0284702 0.312519
3 0.404437 0.412542 0.016361 0.0426008 0.31023
0 0.626179 0.53733 0.0231869 0.0658987 0.300057
