2 0.644923 0.360834 0.0389897 0.0439095 0.713531
2 0.683901 0.370104 0.0362213 0.0332355 0.629129
0 0.564572 0.681955 0.0427182 0.090894 0.555415
25 0.150436 0.437519 0.0847863 0.0338803 0.49706
0 0.28921 0.727517 0.064375 0.130992 0.422551
7 0.52531 0.361637 0.0708861 0.0618771 0.375553
3 0.84691 0.48467 0.0494061 0.0653162 0.35197
0 0.351354 0.565163 0.0353053 0.0824593 0.347721
25 0.196261 0.406711 0.0659717 0.0287392 0.3389
3 0.271036 0.525531 0.0581077 0.0842015 0.333787
3 0.316329 0.485154 0.0256951 0.0636342 0.304019
