5 0.805753 0.400942 0.178994 0.131005 0.909232
2 0.640783 0.504927 0.0957611 0.0849032 0.888582
2 0.6523 0.693658 0.151548 0.184184 0.868248
2 0.144997 0.739919 0.081349 0.108859 0.86523
2 0.384205 0.371478 0.0367177 0.0430913 0.741493
2 0.344198 0.436581 0.0428814 0.0544768 0.698187
2 0.448228 0.399697 0.0461867 0.0515152 0.686256
2 0.518963 0.406849 0.0511118 0.0471909 0.612526
2 0.430726 0.335977 0.0230977 0.0247767 0.506776
2 0.549667 0.375134 0.0321854 0.0330777 0.483052
3 0.528494 0.535649 0.0257796 0.0735329 0.441914
0 0.463481 0.523325 0.0250066 0.0522315 0.398276
2 0.275071 0.425649 0.022013 0.0481125 0.351833
2 0.228001 0.390562 0.0295897 0.0333066 0.350845
0 0.506454 0.553617 0.0295042 0.0664713 0.329591
3 0.462538 0.596062 0.0260637 0.0624526 0.325143
3 0.505212 0.566641 0.0331627 0.0749239 0.316181
2 0.398606 0.425325 0.0170136 0.039095 0.302195
3 0.507117 0.559398 0.0294064 0.0563355 0.300632
