2 0.821012 0.531534 0.149819 0.0823484 0.817048
2 0.306563 0.423477 0.0460529 0.0515693 0.75816
2 0.399603 0.48416 0.074932 0.0776869 0.705259
2 0.269204 0.367445 0.0318042 0.0461091 0.664897
7 0.580781 0.451608 0.134824 0.0991145 0.624984
2 0.754834 0.490729 0.094784 0.0662572 0.594664
2 0.687286 0.357639 0.0483501 0.0282675 0.566808
0 0.441636 0.757099 0.0415293 0.0783471 0.516297
0 0.517825 0.757032 0.050062 0.0821992 0.505861
2 0.128236 0.410892 0.0292888 0.0377698 0.502627
2 0.820334 0.372169 0.0684723 0.0335723 0.468904
2 0.561889 0.357151 0.0695697 0.0364193 0.462046
0 0.260736 0.675877 0.0336427 0.0795519 0.449732
3 0.529905 0.69088 0.0346769 0.0735477 0.443644
3 0.329554 0.490344 0.0341789 0.0468541 0.44116
0 0.209205 0.598031 0.0277645 0.076469 0.423464
2 0.774219 0.360967 0.0544281 0.0285622 0.421521
3 0.544546 0.547154 0.0574454 0.061734 0.419468
3 0.207171 0.60736 0.0297736 0.0711996 0.380099
3 0.518468 0.692935 0.0566645 0.0728296 0.378706
7 0.414197 0.333883 0.0626219 0.0405371 0.370821
2 0.324445 0.387835 0.0349893 0.0265752 0.365877
3 0.188153 0.496985 0.022801 0.0550137 0.341359
0 0.530907 0.639755 0.0325115 0.0548873 0.321459
0 0.260792 0.690083 0.0355311 0.106582 0.319781
2 0.206746 0.413264 0.0262852 0.0364422 0.317969
3 0.518566 0.757475 0.047984 0.0795348 0.317553
2 0.466187 0.360841 0.0482805 0.0375955 0.307366
2 0.845119 0.323792 0.0295114 0.0192815 0.306031
