2 0.355947 0.480832 0.0791275 0.0861433 0.792095
0 0.38206 0.633471 0.0317435 0.0880843 0.54297
3 0.547588 0.450938 0.0337374 0.0482143 0.44482
3 0.654314 0.4964 0.0544878 0.0571644 0.436467
2 0.556714 0.338455 0.0247763 0.0253029 0.402343
3 0.479348 0.471246 0.0242174 0.0558135 0.402205
2 0.511072 0.350881 0.0265117 0.0322568 0.398497
3 0.191017 0.591481 0.0512772 0.105798 0.386585
0 0.528426 0.51475 0.0241841 0.0687412 0.386542
0 0.476654 0.467471 0.0186227 0.0567429 0.357838
3 0.392185 0.662639 0.0566469 0.0796418 0.345916
3 0.765056 0.513632 0.0482038 0.0618663 0.333085
2 0.45224 0.403608 0.0419084 0.0450777 0.323356
3 0.400839 0.435898 0.0353591 0.0600627 0.310088
3 0.53098 0.519543 0.026667 0.064531 0.309127
