2 0.770574 0.677154 0.189 0.15182 0.747769
0 0.408573 0.764032 0.0415828 0.0629863 0.717588
2 0.41048 0.52613 0.0693406 0.0817381 0.715678
0 0.533624 0.774423 0.0358456 0.0422391 0.61843
2 0.408909 0.452084 0.0512545 0.061674 0.614513
2 0.485182 0.43411 0.0410322 0.0438085 0.589169
2 0.420918 0.365704 0.0298883 0.0492208 0.572499
3 0.684495 0.533566 0.0340014 0.0557744 0.479078
3 0.421239 0.697038 0.0279872 0.065196 0.46898
0 0.784758 0.471999 0.0199989 0.0553313 0.449067
0 0.419908 0.603294 0.0283674 0.0633542 0.421748
2 0.458463 0.459596 0.0199315 0.0419068 0.402169
