2 0.58829 0.612863 0.0888166 0.103147 0.827026
2 0.644962 0.749696 0.133789 0.0887103 0.785647
2 0.561942 0.525028 0.0669845 0.0768801 0.73046
2 0.525759 0.460226 0.0499857 0.0479269 0.655571
3 0.250796 0.526897 0.0275971 0.0680928 0.589517
3 0.332182 0.468276 0.0176765 0.0446431 0.500677
7 0.491335 0.349549 0.077112 0.151392 0.494846
3 0.704839 0.58378 0.0381389 0.0711266 0.432887
2 0.396113 0.314779 0.0210989 0.0289884 0.350308
2 0.120136 0.549569 0.0315105 0.064369 0.348735
3 0.616358 0.470493 0.0184889 0.0449098 0.348512
3 0.663692 0.518187 0.0320376 0.0590427 0.339782
0 0.665584 0.516628 0.0289231 0.060608 0.30563
