2 0.225799 0.666235 0.194422 0.207861 0.853595
2 0.432627 0.47025 0.0947579 0.10385 0.826345
2 0.626562 0.390676 0.0345521 0.0431236 0.509683
0 0.356204 0.611577 0.0403251 0.0840249 0.496867
3 0.580413 0.530109 0.0431131 0.0819388 0.489662
3 0.716771 0.574854 0.0704884 0.0798506 0.458999
3 0.335453 0.454353 0.0374985 0.0703716 0.439888
2 0.50237 0.399979 0.0639338 0.071707 0.420786
0 0.289345 0.720039 0.0402195 0.103269 0.400531
3 0.282285 0.519305 0.0459935 0.0832749 0.37846
2 0.568191 0.347441 0.0372878 0.0401203 0.368343
3 0.674141 0.514353 0.0354117 0.0624811 0.362192
3 0.306166 0.72851 0.0884469 0.131455 0.311225
