2 0.750401 0.691948 0.160023 0.139573 0.866063
2 0.711983 0.557808 0.118364 0.0921705 0.863209
2 0.52631 0.602976 0.105289 0.132144 0.706046
2 0.38 0.428718 0.0316338 0.0423102 0.674018
2 0.386271 0.557977 0.0767678 0.106737 0.671836
2 0.341194 0.453149 0.0449188 0.0540472 0.594789
2 0.564151 0.510217 0.0787319 0.0743731 0.590099
0 0.303518 0.744201 0.0408551 0.105003 0.579001
2 0.47312 0.438551 0.044664 0.0468148 0.563812
2 0.502184 0.764743 0.111099 0.0582461 0.503556
2 0.346077 0.361033 0.0258332 0.0340731 0.48858
0 0.294038 0.46082 0.019892 0.0522701 0.471086
2 0.325838 0.406805 0.0312033 0.0303719 0.470627
7 0.428403 0.476388 0.0686446 0.0949674 0.469138
0 0.730285 0.428871 0.0169039 0.0409739 0.462732
2 0.313331 0.38142 0.0273014 0.0349865 0.387759
7 0.417455 0.367419 0.0325596 0.0420425 0.384101
2 0.324109 0.402488 0.0349172 0.0370947 0.362714
2 0.415756 0.378932 0.0308074 0.022672 0.341504
2 0.320396 0.386621 0.0393475 0.0461888 0.30028
