2 0.16434 0.393001 0.119635 0.0617182 0.824317
2 0.38082 0.361386 0.0723319 0.0426328 0.791854
2 0.765535 0.368832 0.0520486 0.042574 0.683031
2 0.563499 0.36434 0.0612171 0.047262 0.659893
0 0.573402 0.751154 0.0454236 0.0873101 0.632917
3 0.332306 0.413652 0.0323414 0.0494819 0.551261
2 0.507943 0.348889 0.0632721 0.0480791 0.541857
3 0.130375 0.628013 0.0548145 0.0701465 0.501518
3 0.270671 0.394704 0.041516 0.0401545 0.448243
0 0.782664 0.462507 0.0220025 0.0555454 0.443362
0 0.767523 0.665292 0.0423878 0.10792 0.4368
0 0.618106 0.693469 0.0500675 0.0997586 0.417948
3 0.501592 0.504809 0.0351382 0.0537262 0.415251
0 0.514701 0.687542 0.0476454 0.101367 0.398503
2 0.686802 0.332441 0.0572944 0.0339621 0.382794
3 0.767103 0.68822 0.0400385 0.0668991 0.378214
0 0.707682 0.572407 0.029293 0.0613685 0.364443
3 0.511978 0.715686 0.0471481 0.0619531 0.353655
0 0.663593 0.53829 0.0278723 0.0620307 0.342451
3 0.437591 0.482164 0.0323511 0.0617545 0.330595
3 0.60579 0.505349 0.029014 0.0475974 0.322106
0 0.695502 0.479702 0.0235981 0.0631797 0.321207
0 0.518344 0.676756 0.0419278 0.080966 0.303495
0 0.614458 0.457855 0.0223815 0.0567691 0.302478
