2 0.319581 0.687395 0.152767 0.218799 0.834896
2 0.382927 0.516033 0.0838782 0.120976 0.763548
2 0.186778 0.670328 0.162351 0.20271 0.733893
2 0.20716 0.458576 0.0917431 0.0811617 0.680201
2 0.511205 0.722714 0.112813 0.144844 0.614611
2 0.219106 0.387854 0.0708156 0.0604165 0.590948
2 0.671592 0.47084 0.0507465 0.0672341 0.543746
5 0.511712 0.612892 0.132254 0.282941 0.532953
2 0.120711 0.460828 0.0327704 0.0610043 0.519549
2 0.268731 0.4065 0.0714588 0.0573399 0.476861
0 0.412185 0.670779 0.0382573 0.121371 0.470804
2 0.166396 0.431897 0.0808314 0.0626907 0.46966
5 0.314846 0.341234 0.0808925 0.0771309 0.463579
2 0.409956 0.438808 0.0534098 0.0881923 0.452798
7 0.505929 0.412761 0.0612198 0.133391 0.434731
2 0.66339 0.468129 0.0677447 0.0662565 0.395935
0 0.388972 0.767441 0.0320643 0.0597171 0.388739
5 0.329569 0.452104 0.0706903 0.0889579 0.375478
0 0.411603 0.654794 0.0347303 0.0868458 0.360357
2 0.431651 0.372874 0.0390072 0.035526 0.342904
2 0.443918 0.41384 0.0321573 0.0514034 0.339968
2 0.87659 0.481972 0.0338816 0.0450927 0.329497
