2 0.702969 0.585929 0.13925 0.124492 0.880133
2 0.774071 0.558448 0.161184 0.146611 0.811939
2 0.411386 0.432289 0.0705353 0.0701281 0.786955
2 0.546098 0.535235 0.12506 0.121651 0.676837
0 0.27336 0.742631 0.0475198 0.106523 0.605126
2 0.650267 0.476694 0.102822 0.0938238 0.599188
2 0.859721 0.566441 0.0723343 0.103989 0.598466
2 0.756059 0.47176 0.129453 0.100735 0.586954
2 0.371647 0.383028 0.0496271 0.0535972 0.560511
2 0.552063 0.412921 0.0666084 0.0627357 0.43559
2 0.642652 0.422673 0.0785796 0.0584916 0.398645
2 0.332912 0.354372 0.0433421 0.0396587 0.396133
2 0.689327 0.6971 0.245256 0.195905 0.369738
0 0.340574 0.723364 0.0484857 0.11563 0.364246
3 0.237626 0.495793 0.0265633 0.0603296 0.363013
0 0.416704 0.713527 0.040198 0.0875263 0.355096
0 0.440032 0.698195 0.0390343 0.107836 0.346864
0 0.440743 0.604174 0.0406624 0.102763 0.323938
1 0.340859 0.750148 0.0470767 0.0832001 0.32361
1 0.331415 0.598285 0.0364879 0.0644166 0.320633
0 0.616547 0.767995 0.0456696 0.0590035 0.304081
3 0.276624 0.478191 0.0189912 0.0515902 0.303443
