2 0.483175 0.681641 0.277725 0.21996 0.914895
2 0.352945 0.580853 0.224115 0.2086 0.900891
2 0.592293 0.411795 0.153717 0.124166 0.888073
2 0.739448 0.627081 0.202684 0.241015 0.641875
3 0.190836 0.485036 0.0407964 0.0728842 0.516695
3 0.159074 0.646734 0.110505 0.129998 0.491078
25 0.44112 0.305221 0.077237 0.0400592 0.486445
2 0.681404 0.5166 0.161477 0.130541 0.414478
0 0.839897 0.680934 0.0524102 0.102759 0.342392
3 0.484436 0.420471 0.0449258 0.0644663 0.341337
0 0.173399 0.415054 0.031103 0.0670534 0.314637
0 0.835606 0.704009 0.0622314 0.149944 0.306497
0 0.486778 0.406376 0.0293999 0.0699633 0.301746
