2 0.809315 0.631931 0.169239 0.135458 0.882882
2 0.608832 0.637396 0.127425 0.138354 0.848844
2 0.847369 0.762352 0.0959599 0.0637117 0.69377
2 0.597843 0.513199 0.0787607 0.0882577 0.687317
0 0.137735 0.754611 0.0542815 0.0819383 0.609489
2 0.479012 0.402516 0.0495291 0.0492529 0.595139
3 0.613777 0.446327 0.0309601 0.0559863 0.577573
2 0.157682 0.648882 0.0920835 0.0613297 0.525226
3 0.713703 0.518056 0.0429602 0.0601578 0.454896
0 0.395366 0.500678 0.0229354 0.0641056 0.438093
3 0.307082 0.483723 0.0385539 0.0520241 0.409543
2 0.335451 0.369589 0.0302317 0.0431678 0.360643
3 0.359169 0.483213 0.0285456 0.0424412 0.343429
3 0.424177 0.461029 0.0311834 0.0559047 0.324112
3 0.357831 0.471517 0.0296784 0.0629769 0.313757
3 0.418416 0.584896 0.0413761 0.0614608 0.302194
