2 0.586375 0.403638 0.0371828 0.0429404 0.786414
2 0.62359 0.495316 0.060149 0.0833953 0.661092
2 0.525447 0.384613 0.0309884 0.0393617 0.645506
2 0.431187 0.396787 0.0323636 0.0464239 0.616163
2 0.566986 0.37019 0.0235926 0.02903 0.569816
3 0.289189 0.69177 0.0375309 0.0612625 0.51155
7 0.470533 0.435573 0.0477703 0.10096 0.496747
2 0.440864 0.687661 0.0862593 0.161987 0.479851
2 0.664693 0.408581 0.0693358 0.0375113 0.456246
3 0.609011 0.591714 0.0269302 0.0636138 0.450774
3 0.386628 0.582761 0.0254172 0.0438825 0.442309
3 0.584255 0.680884 0.0350569 0.0459456 0.412954
2 0.631713 0.378622 0.0409871 0.0338372 0.407192
2 0.68141 0.408501 0.0377192 0.0378428 0.397873
0 0.576449 0.51901 0.019046 0.0583596 0.365564
3 0.582288 0.672403 0.0356247 0.0584829 0.347654
3 0.309191 0.602031 0.0286342 0.037435 0.33827
3 0.529108 0.702409 0.0327894 0.0665142 0.312969
2 0.559278 0.447057 0.0149633 0.0449807 0.311733
2 0.603272 0.358834 0.0342476 0.02861 0.305497
