2 0.222414 0.494098 0.0734623 0.0782739 0.688809
2 0.679739 0.45738 0.0588839 0.0734394 0.687317
3 0.843717 0.39934 0.0206987 0.0481476 0.533896
7 0.336133 0.493806 0.0929082 0.14283 0.520516
7 0.257127 0.621939 0.187165 0.326876 0.514154
2 0.724022 0.431045 0.0274896 0.0490538 0.478902
2 0.782093 0.342341 0.0229095 0.0260092 0.436035
0 0.875031 0.554045 0.0168704 0.0733914 0.413668
7 0.563193 0.392371 0.0679189 0.0573324 0.413017
2 0.388809 0.36989 0.0369546 0.0359785 0.402769
0 0.779831 0.449045 0.0240456 0.064605 0.36773
0 0.829483 0.638546 0.0333531 0.0938026 0.358443
7 0.476067 0.750875 0.256115 0.0840236 0.336497
3 0.819424 0.636886 0.053932 0.100082 0.331776
0 0.821021 0.635522 0.0515709 0.101545 0.311971
2 0.782285 0.332214 0.0236225 0.0470713 0.307503
0 0.467384 0.393682 0.0154987 0.0329492 0.306462
0 0.778261 0.434231 0.0233793 0.0470659 0.303418
2 0.288653 0.373602 0.0280926 0.0411428 0.302689
