2 0.140713 0.729945 0.0751754 0.12992 0.881211
2 0.42654 0.573933 0.184334 0.153474 0.797697
2 0.43645 0.427737 0.0998051 0.0763535 0.751745
2 0.658903 0.395395 0.0643144 0.0607061 0.565082
3 0.432819 0.663462 0.0807735 0.13131 0.555143
3 0.253272 0.46353 0.0541094 0.0580187 0.536497
2 0.611029 0.358076 0.0573145 0.0692373 0.453823
0 0.68131 0.486748 0.0260246 0.0740988 0.429301
3 0.64596 0.616792 0.0452007 0.0679887 0.390833
0 0.544188 0.625092 0.0500756 0.0896609 0.328478
0 0.650319 0.582653 0.0417774 0.0946365 0.310552
2 0.658705 0.410382 0.0646471 0.0930659 0.300295
