2 0.458422 0.50603 0.138161 0.109759 0.86749
2 0.163469 0.712518 0.120312 0.164936 0.8089
2 0.142869 0.608073 0.0789818 0.0787048 0.679756
0 0.651314 0.453769 0.0278932 0.0738366 0.600259
5 0.413495 0.405138 0.166096 0.145137 0.482563
2 0.607156 0.36556 0.089872 0.0772588 0.466233
3 0.257486 0.444702 0.0559881 0.0565807 0.388269
3 0.56041 0.623422 0.0621326 0.0857256 0.381873
3 0.358153 0.767122 0.0693161 0.0589517 0.320941
0 0.571794 0.508617 0.0480247 0.131955 0.315201
0 0.240354 0.734752 0.0671849 0.111706 0.311358
0 0.703071 0.44621 0.0254929 0.0571322 0.309159
