2 0.583555 0.591608 0.190396 0.197965 0.644504
3 0.272936 0.575346 0.0881018 0.101583 0.527268
0 0.862835 0.669824 0.0593421 0.15357 0.472215
0 0.82971 0.533067 0.0566665 0.110193 0.465335
0 0.759629 0.725243 0.0623804 0.136345 0.428721
3 0.215304 0.534929 0.0799844 0.0796095 0.34708
2 0.397119 0.766884 0.1762 0.0594151 0.340731
3 0.129912 0.682024 0.0524723 0.129855 0.337842
3 0.204388 0.536334 0.0581723 0.076612 0.314703
3 0.418185 0.430235 0.0416579 0.0637745 0.307781
7 0.561988 0.442222 0.216036 0.183817 0.303553
