2 0.698016 0.593828 0.0797732 0.108973 0.768158
2 0.854763 0.498645 0.0830063 0.0854145 0.66766
2 0.473166 0.434848 0.0594952 0.0736586 0.633924
2 0.803549 0.559912 0.0952739 0.10532 0.622327
2 0.531329 0.37523 0.0395796 0.0493989 0.611406
3 0.292099 0.635549 0.0444132 0.0893268 0.539731
5 0.490626 0.352104 0.0471335 0.0582694 0.462368
2 0.534365 0.460805 0.0738705 0.124449 0.454227
0 0.313442 0.552624 0.0340506 0.0801735 0.446425
3 0.183986 0.729858 0.0776894 0.122114 0.409739
2 0.590504 0.367869 0.0285269 0.0466156 0.409612
0 0.231869 0.46576 0.0219904 0.0596205 0.391201
2 0.749287 0.430836 0.0704544 0.087936 0.365666
3 0.342033 0.508098 0.0362702 0.0721679 0.347813
3 0.36949 0.613725 0.0341573 0.0840782 0.338017
3 0.645574 0.525857 0.060247 0.0695271 0.337103
0 0.39255 0.446818 0.0331094 0.0724574 0.33266
2 0.766165 0.491085 0.0571676 0.0854995 0.310962
