2 0.463386 0.73699 0.0973468 0.116294 0.775959
2 0.457926 0.550348 0.0577176 0.0993189 0.68162
2 0.635666 0.668298 0.108574 0.158439 0.603647
2 0.578228 0.524769 0.0585888 0.0904323 0.541157
2 0.490147 0.461637 0.0378764 0.0546383 0.521441
2 0.386878 0.544388 0.0687476 0.103187 0.485343
5 0.625934 0.475502 0.0557694 0.101771 0.396711
2 0.683383 0.575469 0.0785121 0.115672 0.392794
2 0.414631 0.474039 0.043365 0.0567886 0.380122
2 0.591034 0.43432 0.031408 0.0481358 0.374059
3 0.322469 0.674442 0.0373919 0.0871179 0.371233
0 0.568751 0.753433 0.0371082 0.0860434 0.363554
2 0.392617 0.727905 0.0685879 0.105407 0.351477
2 0.55593 0.477005 0.0413465 0.0657403 0.329738
2 0.460481 0.421995 0.0343357 0.0509544 0.303491
