0 0.619616 0.493441 0.0198961 0.0618253 0.747972
2 0.281652 0.479824 0.0992883 0.0891445 0.686875
0 0.671739 0.348558 0.0142256 0.0462617 0.614077
9 0.732756 0.275307 0.0115698 0.0461196 0.576925
9 0.733056 0.269521 0.00992048 0.0368007 0.500568
0 0.835118 0.524567 0.0289284 0.0606594 0.482498
2 0.839468 0.732715 0.107649 0.124884 0.468001
2 0.835971 0.714055 0.101257 0.0866741 0.406804
9 0.731842 0.278848 0.0149956 0.0526013 0.405757
0 0.523674 0.395272 0.0221443 0.04159 0.366122
2 0.291864 0.676773 0.1422 0.0940615 0.346209
0 0.594037 0.374837 0.0224867 0.045633 0.338588
