2 0.488073 0.73931 0.179662 0.106124 0.758487
0 0.734091 0.762912 0.0622217 0.0710433 0.56378
0 0.671332 0.667116 0.0546059 0.121759 0.552159
2 0.634902 0.324099 0.0483314 0.0513383 0.501385
3 0.723411 0.435291 0.0557049 0.0708767 0.465169
3 0.529928 0.640089 0.0386994 0.0689747 0.455456
3 0.638103 0.433115 0.0568525 0.0662093 0.418591
3 0.40916 0.408841 0.0534947 0.0440494 0.376199
3 0.342467 0.362746 0.0487304 0.0462127 0.374529
0 0.532854 0.59076 0.0386714 0.0874325 0.352264
3 0.263995 0.339607 0.0439748 0.0487893 0.351847
3 0.632123 0.758307 0.0629684 0.078439 0.339091
3 0.631601 0.771557 0.0629934 0.0511245 0.327679
25 0.86201 0.520573 0.0670143 0.0734616 0.317581
0 0.598186 0.653859 0.0524283 0.120171 0.316655
3 0.442355 0.497685 0.0568634 0.103489 0.305081
3 0.488583 0.41794 0.0696759 0.072421 0.301882
