5 0.672744 0.455946 0.0505884 0.0766903 0.778509
2 0.455874 0.442736 0.0740124 0.0765439 0.728534
0 0.373331 0.754153 0.0441012 0.0840867 0.649641
2 0.569263 0.368979 0.0297043 0.0444876 0.628026
0 0.560288 0.659092 0.0420687 0.110752 0.578152
0 0.544705 0.495589 0.0168726 0.0558906 0.42411
3 0.392017 0.443183 0.0236001 0.0480716 0.423366
3 0.55764 0.695346 0.0442215 0.108549 0.410886
0 0.406364 0.749999 0.0384926 0.0902805 0.403172
3 0.319174 0.488901 0.0310482 0.0526399 0.397595
2 0.644459 0.363555 0.0210062 0.0207605 0.35553
9 0.2588 0.325462 0.0119616 0.032569 0.329814
2 0.645294 0.375664 0.0201422 0.0426403 0.318157
3 0.604953 0.507809 0.0258559 0.0611251 0.315705
2 0.679493 0.36426 0.018506 0.026903 0.310659
