2 0.430529 0.380351 0.0402434 0.0421819 0.684513
7 0.348391 0.603641 0.139441 0.224278 0.683469
0 0.483053 0.531249 0.0285417 0.0669714 0.563919
3 0.122174 0.608406 0.0376958 0.077062 0.458024
3 0.418572 0.757347 0.0483959 0.0580823 0.43508
3 0.181605 0.633609 0.0500172 0.0993029 0.388605
0 0.428357 0.699482 0.0235681 0.0672857 0.379213
2 0.477365 0.3424 0.0278823 0.0246367 0.366325
3 0.528084 0.647 0.0396113 0.0481532 0.364034
2 0.289697 0.386617 0.0529377 0.0481495 0.345366
0 0.70984 0.49306 0.0213863 0.0675701 0.335248
3 0.185781 0.640659 0.0395286 0.0782739 0.327199
