2 0.75986 0.394196 0.0804121 0.0783999 0.830669
2 0.530661 0.742788 0.183116 0.104658 0.773306
2 0.687322 0.532427 0.138382 0.156021 0.763028
2 0.814614 0.313768 0.0506577 0.0520728 0.640393
2 0.868185 0.364479 0.0237091 0.0531946 0.558107
2 0.61493 0.419523 0.10339 0.117966 0.550933
2 0.821132 0.217315 0.0267948 0.0274492 0.515531
2 0.742919 0.255724 0.0438724 0.044713 0.485349
2 0.83629 0.268859 0.0380321 0.0477729 0.484747
0 0.306346 0.38144 0.024628 0.0591694 0.371589
3 0.17076 0.510443 0.0594582 0.0936971 0.366501
0 0.259591 0.40487 0.0291043 0.0692866 0.353947
0 0.261642 0.55412 0.0424071 0.0908813 0.319235
