3 0.214445 0.578787 0.0699646 0.0963826 0.598803
2 0.855976 0.392609 0.068873 0.0562223 0.571353
3 0.539756 0.559853 0.0467722 0.071534 0.495776
3 0.451469 0.718034 0.0758718 0.0883318 0.452646
3 0.32382 0.580921 0.073902 0.07263 0.424857
3 0.442482 0.52341 0.0573718 0.0880769 0.408763
0 0.55195 0.750753 0.0496281 0.0923963 0.400168
3 0.541449 0.758079 0.0726445 0.0784012 0.388165
3 0.137346 0.524499 0.0662558 0.0712775 0.339082
0 0.451256 0.679188 0.0449476 0.0828672 0.323457
3 0.598939 0.472294 0.0352037 0.0444091 0.313227
3 0.480309 0.434345 0.04805 0.0561806 0.307953
