2 0.143846 0.541685 0.0814646 0.116943 0.842811
2 0.344014 0.513228 0.0782769 0.0933408 0.800881
2 0.153187 0.687144 0.100639 0.213075 0.780787
7 0.664297 0.415356 0.0754763 0.100836 0.683624
7 0.783666 0.65612 0.22773 0.269828 0.519058
2 0.55096 0.371131 0.0636246 0.0584536 0.460848
7 0.369761 0.355836 0.0394107 0.0463021 0.419981
7 0.473212 0.725575 0.257667 0.131604 0.414624
2 0.680284 0.333952 0.028525 0.0309799 0.380027
3 0.246214 0.452488 0.0247914 0.0492005 0.354249
2 0.833984 0.43756 0.0643593 0.0678539 0.33076
2 0.715113 0.321198 0.022781 0.0321618 0.329941
