2 0.619311 0.487825 0.0511897 0.0766226 0.767378
2 0.561456 0.601939 0.0713712 0.130149 0.724202
2 0.514837 0.377438 0.0250265 0.0319594 0.712766
2 0.444654 0.471711 0.0416053 0.0544651 0.690758
2 0.543859 0.473164 0.0469154 0.061597 0.65929
0 0.730523 0.768775 0.0374975 0.0559572 0.611204
2 0.490279 0.365093 0.0236272 0.0260918 0.543637
3 0.334862 0.575434 0.0250844 0.0700858 0.508806
0 0.254369 0.649551 0.0274987 0.0748253 0.427895
3 0.375612 0.570307 0.0254345 0.0661828 0.398085
3 0.330783 0.726356 0.0325429 0.081643 0.344322
0 0.251873 0.658186 0.0274543 0.0865175 0.343381
0 0.437069 0.568385 0.0219247 0.0604888 0.340245
3 0.331033 0.709558 0.0329813 0.0825934 0.315979
3 0.278727 0.745708 0.0382659 0.0962282 0.311383
