2 0.376449 0.360523 0.0703783 0.0875438 0.87372
2 0.476423 0.316183 0.0973931 0.0796123 0.790746
2 0.49396 0.539603 0.128255 0.172158 0.766518
2 0.285142 0.240359 0.0349466 0.0430142 0.660279
0 0.319897 0.418271 0.0266405 0.084333 0.62715
7 0.714242 0.356056 0.176148 0.114214 0.617397
0 0.283612 0.459489 0.0322188 0.088807 0.512631
2 0.372214 0.275469 0.0657532 0.0739943 0.499541
5 0.821713 0.290319 0.14731 0.120946 0.3759
2 0.71729 0.357468 0.176724 0.115754 0.366194
3 0.283385 0.461209 0.0302856 0.0853469 0.337738
0 0.289175 0.297242 0.0188902 0.0591746 0.311691
