3 0.228093 0.613036 0.0819499 0.0984894 0.710781
3 0.495807 0.501432 0.0278297 0.065983 0.564833
2 0.363789 0.28931 0.0281818 0.033672 0.444849
3 0.831157 0.54076 0.0293161 0.0467832 0.441606
3 0.831879 0.531127 0.029222 0.0644309 0.381515
3 0.384779 0.331534 0.0207083 0.0477768 0.353789
3 0.80671 0.476454 0.0305215 0.0522412 0.344742
0 0.549652 0.503229 0.0280056 0.0745282 0.332099
3 0.488089 0.421981 0.0250581 0.0520606 0.323209
3 0.479329 0.427501 0.0411533 0.0617401 0.305139
3 0.548908 0.512342 0.0285672 0.0575878 0.301121
