0 0.530761 0.763847 0.0481232 0.0634987 0.607577
3 0.392745 0.745362 0.0443933 0.0877514 0.509039
0 0.391163 0.469949 0.0194806 0.0630082 0.477661
0 0.311046 0.488282 0.0168559 0.0745576 0.475132
0 0.389967 0.691845 0.040632 0.0870374 0.429251
0 0.387279 0.704789 0.0364825 0.113003 0.406476
3 0.59676 0.507877 0.0328783 0.0688061 0.384789
3 0.667967 0.505667 0.0362855 0.0646518 0.381436
3 0.386197 0.560365 0.0248519 0.0633195 0.356734
0 0.375062 0.515238 0.0262133 0.0635342 0.345189
0 0.446998 0.585278 0.0303934 0.0943211 0.335052
3 0.458566 0.69266 0.0363346 0.0891661 0.324324
