0 0.811727 0.512091 0.0779632 0.140129 0.633784
2 0.437789 0.323536 0.0633838 0.0557455 0.620025
2 0.296019 0.451929 0.0705379 0.100448 0.599358
0 0.373813 0.757904 0.0444581 0.0783349 0.580905
2 0.833006 0.468923 0.127897 0.167373 0.573202
2 0.145036 0.394171 0.0407985 0.0240155 0.564698
7 0.543895 0.350831 0.11476 0.109696 0.546136
2 0.188014 0.419124 0.0540503 0.057146 0.538839
2 0.677401 0.36723 0.0624409 0.0368343 0.427635
0 0.617364 0.429471 0.0417126 0.0659526 0.410117
3 0.354915 0.657858 0.0314904 0.0622009 0.39084
