7 0.219113 0.583109 0.195662 0.25893 0.696914
2 0.271808 0.74837 0.252387 0.0937404 0.560122
7 0.472778 0.460093 0.0885868 0.134023 0.535443
0 0.591069 0.446519 0.0163775 0.0489066 0.480744
5 0.471844 0.461306 0.0888922 0.133489 0.445804
2 0.851799 0.384434 0.0546171 0.0591753 0.434728
2 0.545642 0.356296 0.0335267 0.053847 0.420835
3 0.376732 0.416405 0.0300416 0.045068 0.41903
2 0.431702 0.408428 0.0613148 0.0632293 0.410032
3 0.582075 0.512356 0.0260912 0.0563402 0.36767
7 0.545986 0.353347 0.0332325 0.0557605 0.344563
0 0.548946 0.475675 0.021764 0.0610427 0.335545
