2 0.774083 0.640816 0.11133 0.19403 0.84219
2 0.782412 0.449714 0.0571241 0.0744697 0.837364
2 0.645126 0.591007 0.102895 0.153615 0.776975
2 0.546247 0.743595 0.139866 0.104104 0.728612
2 0.578096 0.48563 0.0664724 0.0712095 0.708866
2 0.691552 0.443734 0.0518931 0.0697427 0.648666
2 0.307319 0.749974 0.178938 0.0963557 0.614013
2 0.785225 0.371905 0.0359698 0.0581864 0.592919
3 0.415622 0.577226 0.038491 0.082202 0.46997
2 0.644236 0.385005 0.0356914 0.0382278 0.461988
0 0.534291 0.635454 0.036503 0.0825693 0.40758
0 0.559161 0.549076 0.02323 0.0688261 0.342815
25 0.39961 0.454373 0.0539755 0.0417619 0.307371
0 0.135645 0.726522 0.0383701 0.0623137 0.305047
