2 0.356802 0.745911 0.191699 0.0932578 0.707346
7 0.511231 0.498998 0.0964015 0.156971 0.674579
2 0.590396 0.388725 0.0308132 0.0327859 0.547232
2 0.545614 0.363073 0.0474533 0.0296487 0.536756
3 0.622786 0.615163 0.0332666 0.0653202 0.460756
0 0.673363 0.519714 0.024502 0.0610217 0.377206
0 0.603842 0.485379 0.0173177 0.0516061 0.373392
0 0.648585 0.472155 0.0159817 0.0420891 0.365722
3 0.673452 0.522373 0.0248318 0.0592954 0.35896
2 0.480092 0.37194 0.0487518 0.0287983 0.356719
5 0.511304 0.497789 0.0975307 0.157063 0.346178
0 0.631068 0.491018 0.0180468 0.050821 0.334075
