2 0.395045 0.397696 0.031039 0.0435593 0.777507
2 0.708467 0.459973 0.059 0.0589568 0.768136
2 0.534455 0.523155 0.0799204 0.108613 0.707904
0 0.432285 0.655569 0.0361782 0.111848 0.585217
2 0.366178 0.334142 0.0247543 0.0267823 0.5832
0 0.30629 0.531911 0.02499 0.0797716 0.556989
2 0.706597 0.741372 0.188086 0.110003 0.461245
3 0.231212 0.521648 0.0258875 0.0650619 0.42956
2 0.257746 0.313072 0.023693 0.022742 0.387932
0 0.230551 0.518209 0.0258613 0.068673 0.381852
3 0.708201 0.552629 0.0348274 0.0669096 0.340505
3 0.828617 0.60902 0.0482953 0.0703234 0.331741
3 0.30731 0.553589 0.023287 0.0497524 0.323572
