5 0.184214 0.440313 0.160391 0.189687 0.912243
2 0.800821 0.510579 0.11089 0.0897228 0.725961
2 0.354372 0.616718 0.100877 0.155043 0.593869
2 0.74372 0.574588 0.112817 0.115439 0.587079
2 0.410024 0.453759 0.0556224 0.0860077 0.559342
3 0.261588 0.653239 0.0367646 0.0781301 0.484031
2 0.507114 0.642525 0.0957906 0.230363 0.481846
2 0.293133 0.383471 0.0528682 0.0457664 0.455905
3 0.19022 0.675193 0.0562218 0.140992 0.435487
2 0.326565 0.356609 0.0331158 0.0400762 0.404674
5 0.283283 0.323909 0.0602879 0.0649127 0.398993
5 0.496172 0.3332 0.0371239 0.0572438 0.382217
5 0.49749 0.437286 0.0557564 0.101677 0.377108
2 0.392137 0.343219 0.0296217 0.0311084 0.372347
2 0.497032 0.43827 0.0553284 0.100735 0.345671
2 0.259204 0.36536 0.0358733 0.0445385 0.325784
