2 0.179374 0.635693 0.151169 0.17997 0.892139
5 0.661485 0.691355 0.360192 0.202789 0.78773
2 0.556522 0.548981 0.240175 0.142048 0.784462
0 0.416096 0.746076 0.0540415 0.0923388 0.585458
2 0.859229 0.710647 0.0742388 0.133795 0.501471
2 0.662687 0.692482 0.36152 0.20382 0.433136
0 0.29729 0.699883 0.0536224 0.119381 0.40576
0 0.332596 0.703107 0.0442348 0.118233 0.380873
3 0.283952 0.754986 0.137257 0.079688 0.371876
2 0.765235 0.306844 0.051055 0.0324099 0.36415
3 0.662693 0.473069 0.0801559 0.0938935 0.338038
3 0.575303 0.407861 0.066977 0.0554972 0.32665
