2 0.548184 0.545938 0.104144 0.0922464
2 0.456858 0.466158 0.0729006 0.0674472
2 0.248295 0.428037 0.0409724 0.0459339
2 0.402539 0.43659 0.0414307 0.0454175
2 0.294966 0.415203 0.0309019 0.0361493
2 0.670618 0.671767 0.149204 0.133207
3 0.39691 0.666174 0.0589055 0.0589296
0 0.409467 0.645457 0.0336818 0.0956754
0 0.5163 0.745792 0.029324 0.074551
0 0.283811 0.489776 0.0183899 0.0471994
3 0.515026 0.761803 0.0591478 0.06873
3 0.40786 0.659783 0.0367765 0.0709387
0 0.627193 0.500653 0.0179154 0.0544201
3 0.280096 0.491202 0.0266589 0.0464978
