2 0.206155 0.470584 0.0663838 0.0571714
7 0.716355 0.403017 0.286786 0.242292
2 0.460391 0.324131 0.0864129 0.0791215
2 0.311051 0.477867 0.0519946 0.0702487
2 0.281514 0.38243 0.0673123 0.0545836
0 0.21975 0.68594 0.0321537 0.101045
0 0.483783 0.763671 0.0465622 0.0647845
0 0.417817 0.761988 0.0448667 0.0703311
0 0.33596 0.708574 0.0322417 0.105009
0 0.16733 0.506614 0.0282267 0.059323
0 0.249606 0.604788 0.0245984 0.0799292
0 0.293447 0.550087 0.0290323 0.0971079
0 0.333962 0.56241 0.025063 0.0653587
2 0.124795 0.552888 0.042975 0.10988
2 0.379797 0.300908 0.0378403 0.0414367
