2 0.563632 0.728914 0.132923 0.127061
2 0.770681 0.507712 0.0601618 0.0696475
2 0.726221 0.438849 0.0479336 0.0616377
3 0.624194 0.576499 0.0386356 0.0556862
3 0.380588 0.695618 0.0607839 0.111546
3 0.624055 0.566509 0.0417158 0.0751884
0 0.558189 0.517885 0.0210173 0.061562
0 0.635502 0.462906 0.0177654 0.0391621
3 0.471606 0.634169 0.0535155 0.0829017
3 0.547059 0.597432 0.0359066 0.081943
3 0.466178 0.642643 0.0427925 0.0610776
0 0.588893 0.519782 0.022951 0.0665494
3 0.463925 0.63087 0.0369686 0.0847068
