2 0.603571 0.515341 0.0960654 0.119797
0 0.287001 0.638771 0.0534514 0.126246
0 0.654525 0.706103 0.0480991 0.138171
2 0.484176 0.493794 0.121222 0.146161
3 0.292066 0.676336 0.0956945 0.134837
2 0.622048 0.338491 0.0384793 0.0341503
3 0.540514 0.418266 0.0283663 0.0619836
0 0.706785 0.628477 0.0454642 0.112209
5 0.804292 0.307528 0.0500383 0.0645444
0 0.287822 0.617624 0.0486344 0.0858401
0 0.716912 0.497251 0.0285408 0.0761192
3 0.429748 0.455671 0.0444671 0.089267
0 0.646194 0.601358 0.0434025 0.0940718
3 0.571709 0.394538 0.0244007 0.0417486
