3 0.609764 0.586318 0.0469321 0.0641068
3 0.55613 0.498972 0.0291205 0.0363621
3 0.555106 0.482999 0.0297844 0.0652758
3 0.773232 0.666856 0.0744249 0.08851
3 0.522452 0.430279 0.0243267 0.046098
2 0.881761 0.589367 0.0295456 0.0620348
2 0.398287 0.356795 0.0477761 0.0255183
0 0.792742 0.58002 0.0523767 0.0716522
0 0.791397 0.593869 0.0569808 0.0980988
0 0.602779 0.557906 0.0346007 0.0669975
3 0.777203 0.672246 0.0641105 0.0697791
0 0.33687 0.471439 0.0211161 0.0607518
3 0.607163 0.576712 0.044154 0.0799561
2 0.475048 0.416682 0.0413016 0.0495144
