2 0.436968 0.498619 0.113596 0.145517
2 0.402091 0.368824 0.0552122 0.0588623
2 0.715366 0.767258 0.138672 0.0572023
0 0.271481 0.514885 0.0304642 0.0998526
0 0.253149 0.416537 0.0206594 0.0649501
2 0.515805 0.444451 0.0709993 0.0880235
0 0.323538 0.528457 0.0276934 0.086727
7 0.485907 0.400846 0.0876768 0.110619
2 0.849973 0.405372 0.073471 0.0642325
0 0.291413 0.429798 0.0182194 0.045406
0 0.305667 0.39933 0.0186117 0.0470418
3 0.433995 0.717722 0.0593428 0.151407
2 0.434332 0.71819 0.0592778 0.150784
