2 0.82052 0.781414 0.322782 0.174781
2 0.174315 0.778863 0.204644 0.174805
2 0.387821 0.395291 0.0591912 0.0771052
2 0.494889 0.388384 0.0565059 0.0672876
3 0.761704 0.533 0.0500485 0.102507
3 0.662823 0.481044 0.0313999 0.0747818
3 0.927878 0.661294 0.0802235 0.120827
3 0.281937 0.600359 0.0394265 0.0814993
3 0.761465 0.545819 0.0456438 0.0817269
0 0.2796 0.552959 0.0356449 0.0909281
0 0.757359 0.436792 0.0399473 0.0694716
3 0.299687 0.498727 0.0331213 0.0684675
3 0.153963 0.459268 0.0674152 0.0749899
3 0.701101 0.407177 0.0325055 0.0671523
0 0.929378 0.645291 0.0785551 0.118593
0 0.279448 0.5395 0.0343607 0.063487
0 0.655672 0.431394 0.0267271 0.0652523
0 0.920913 0.576473 0.0517058 0.0973719
