2 0.776217 0.449577 0.0416707 0.0550405
3 0.180677 0.677081 0.0625078 0.0831069
7 0.65444 0.388779 0.0746285 0.0744389
3 0.394284 0.620897 0.0378406 0.0846952
3 0.577494 0.542429 0.0224531 0.0532141
3 0.248893 0.741507 0.0720651 0.109179
2 0.65588 0.503586 0.0602538 0.0806004
2 0.662289 0.557195 0.0719484 0.0917506
3 0.525164 0.762 0.0438745 0.0679532
0 0.440245 0.675086 0.0381541 0.0995456
3 0.732963 0.561767 0.0322403 0.0635605
3 0.352597 0.708915 0.0502268 0.0885609
2 0.745187 0.404471 0.0297502 0.0307728
2 0.752827 0.37757 0.0230223 0.0184515
2 0.788852 0.393952 0.0259848 0.0334174
3 0.347811 0.719164 0.0402336 0.0702427
3 0.555101 0.635536 0.0525233 0.0769272
0 0.4504 0.722772 0.0464896 0.105314
7 0.706557 0.369624 0.0363709 0.0516687
3 0.578465 0.534362 0.023942 0.0594108
0 0.702194 0.442307 0.0171588 0.0571012
3 0.546069 0.641408 0.0333958 0.0645245
7 0.727282 0.687336 0.147661 0.217482
