2 0.357985 0.473795 0.0570687 0.0628536
2 0.490994 0.458507 0.0576443 0.0646203
3 0.128395 0.563833 0.0461173 0.0841156
0 0.606914 0.724812 0.0365138 0.0854092
3 0.506833 0.576815 0.0251478 0.0692914
0 0.51167 0.494229 0.0220917 0.0714487
2 0.287402 0.561632 0.119285 0.149755
0 0.539814 0.615621 0.025025 0.0660075
3 0.215812 0.531464 0.03141 0.0766531
3 0.603747 0.763822 0.0309519 0.0601174
7 0.287257 0.562218 0.118822 0.15142
3 0.216788 0.462832 0.0358631 0.0532159
0 0.331429 0.457923 0.0176012 0.0576131
3 0.700181 0.549496 0.0236651 0.0595505
