2 0.808944 0.53033 0.108038 0.0718961
2 0.150749 0.375289 0.0534586 0.0482091
0 0.121755 0.503775 0.0297136 0.0863946
2 0.399632 0.310483 0.0419777 0.0347256
2 0.732377 0.395864 0.0199873 0.0334253
0 0.159538 0.448899 0.0198993 0.068831
2 0.254818 0.306842 0.035525 0.0269936
2 0.539503 0.331858 0.0469647 0.0337309
2 0.299595 0.328938 0.0303951 0.0256417
3 0.176475 0.478448 0.0236899 0.0574192
3 0.496482 0.724495 0.0750923 0.135417
0 0.165074 0.450262 0.0273775 0.0690649
3 0.170402 0.478502 0.0351572 0.0594378
0 0.802852 0.446528 0.0271675 0.0541577
2 0.651673 0.364835 0.0494995 0.0286414
