2 0.405074 0.469336 0.114402 0.118916
2 0.400845 0.650743 0.144661 0.187903
2 0.185971 0.682559 0.165028 0.221855
2 0.453558 0.387614 0.0664572 0.071016
0 0.551146 0.748974 0.0397867 0.0933925
0 0.674617 0.472152 0.020751 0.0583533
2 0.539245 0.373437 0.0538376 0.0586737
0 0.636273 0.528717 0.0268387 0.0672897
0 0.573818 0.5713 0.0344073 0.0863612
0 0.312579 0.742228 0.0709878 0.107316
0 0.614298 0.42436 0.0188189 0.0442256
0 0.175309 0.7752 0.055615 0.0431688
3 0.646365 0.629774 0.0390389 0.0555235
0 0.618856 0.382133 0.0140711 0.0370743
0 0.178825 0.487585 0.0227968 0.0685947
0 0.263084 0.752544 0.0561179 0.0828773
3 0.177263 0.515344 0.0570417 0.0628645
0 0.275148 0.696495 0.0471112 0.0999738
