3 0.306995 0.661706 0.0302331 0.077904
3 0.329381 0.479941 0.0268161 0.0593318
3 0.271461 0.533343 0.0231695 0.0604685
0 0.300919 0.500283 0.0247163 0.0611539
2 0.240591 0.351552 0.0407334 0.031909
0 0.381367 0.403784 0.0215447 0.0700546
3 0.488856 0.443497 0.0200401 0.0423079
3 0.772712 0.482871 0.0559129 0.0526929
3 0.572377 0.461143 0.0289128 0.0543637
0 0.3814 0.391141 0.0212252 0.0538284
3 0.571027 0.452702 0.0298309 0.0668488
2 0.233483 0.331992 0.033775 0.0336802
3 0.766836 0.484056 0.0455012 0.044062
