2 0.630782 0.617617 0.161951 0.178354
2 0.82377 0.583722 0.144156 0.153147
2 0.490983 0.492498 0.102364 0.117329
0 0.317813 0.743453 0.0489235 0.106925
2 0.691475 0.557839 0.148289 0.144975
2 0.413913 0.424066 0.0613672 0.0658946
5 0.667502 0.437463 0.171596 0.153923
2 0.308904 0.41393 0.0543044 0.0547256
0 0.454882 0.729109 0.0475544 0.130008
0 0.379185 0.636047 0.0365979 0.103237
3 0.760321 0.687522 0.0636292 0.118905
2 0.385062 0.378894 0.0579746 0.0514841
0 0.534197 0.606272 0.030588 0.0847012
1 0.376959 0.666586 0.0379899 0.0875895
0 0.621328 0.759126 0.038681 0.0754099
2 0.538722 0.407135 0.0824774 0.064584
0 0.412507 0.597408 0.0316772 0.102347
2 0.339087 0.346968 0.0406219 0.0463394
2 0.245155 0.307141 0.0479842 0.0423985
2 0.582339 0.376059 0.0746506 0.0739607
2 0.305935 0.403505 0.0588153 0.0725598
2 0.514394 0.356197 0.054496 0.0436816
0 0.539808 0.758297 0.0256829 0.0732981
0 0.725213 0.772134 0.0513035 0.0502098
