2 0.69568 0.436103 0.100048 0.0584519
2 0.538849 0.546606 0.0764008 0.111801
2 0.517106 0.451467 0.064192 0.0872976
2 0.578022 0.384661 0.0344935 0.0443047
2 0.708459 0.377785 0.0358952 0.0440787
2 0.528137 0.372577 0.0376958 0.0557741
0 0.605885 0.682377 0.0393442 0.0940468
3 0.174353 0.625671 0.0550184 0.0735189
2 0.694648 0.341122 0.0234667 0.0326387
5 0.322287 0.564423 0.174441 0.242404
3 0.471385 0.533278 0.0349995 0.0742253
2 0.584439 0.34929 0.0341429 0.031555
3 0.604466 0.72018 0.0338833 0.0698429
2 0.12017 0.723734 0.0335023 0.090323
0 0.471842 0.532067 0.0330406 0.0788303
0 0.17456 0.578341 0.0281108 0.0477178
7 0.322117 0.565479 0.175847 0.242716
