2 0.641568 0.637195 0.157109 0.139113
2 0.797847 0.502946 0.147554 0.074932
2 0.623654 0.474784 0.109781 0.0694903
2 0.271453 0.458185 0.0553546 0.0680963
2 0.480515 0.381884 0.0510448 0.031355
7 0.381665 0.543616 0.150184 0.179362
2 0.240336 0.426112 0.0428703 0.045766
2 0.30218 0.367221 0.0281895 0.025054
0 0.176792 0.666498 0.0346656 0.0891655
0 0.234115 0.552168 0.0270292 0.0658801
0 0.435027 0.425009 0.0154215 0.0407194
2 0.232931 0.375248 0.0349759 0.0265376
2 0.454589 0.357655 0.0390005 0.0277319
0 0.232105 0.544918 0.0205636 0.0521196
2 0.253423 0.34411 0.0235499 0.0195404
7 0.145039 0.382888 0.0424594 0.0523407
3 0.235122 0.554499 0.0296042 0.0691989
