2 0.470317 0.729778 0.131035 0.125765
2 0.340191 0.412873 0.0463002 0.0664714
2 0.461501 0.399137 0.0552089 0.0539208
0 0.326906 0.494761 0.0229781 0.0714642
7 0.765472 0.653067 0.252205 0.270301
7 0.41385 0.422611 0.0817035 0.0955891
0 0.338032 0.636216 0.0290339 0.0531892
2 0.41425 0.422715 0.0818096 0.0965779
0 0.174218 0.749697 0.0381926 0.093104
2 0.157274 0.648258 0.0921026 0.0634959
3 0.358365 0.71177 0.035646 0.0588034
0 0.338075 0.656335 0.030132 0.0930124
3 0.544367 0.582006 0.043712 0.0858013
0 0.385971 0.543364 0.0273833 0.0836391
