2 0.340344 0.530406 0.176855 0.112554
2 0.619911 0.459688 0.127992 0.0802463
3 0.68404 0.641151 0.0726193 0.0729413
2 0.841267 0.410541 0.0877124 0.0647466
0 0.577538 0.581093 0.0345401 0.093622
3 0.157181 0.505856 0.0666508 0.0673656
3 0.325289 0.666636 0.0957766 0.0845851
0 0.861955 0.508017 0.0309752 0.0565053
0 0.547079 0.668197 0.0404873 0.107794
3 0.382808 0.757105 0.0638809 0.0812431
0 0.271922 0.70175 0.0530836 0.115998
0 0.740378 0.57455 0.0467863 0.0769281
3 0.37657 0.594051 0.0851821 0.0848891
0 0.212682 0.61844 0.0562054 0.0638331
0 0.674002 0.549856 0.0312648 0.0819109
0 0.369408 0.588376 0.0666841 0.091694
