0 0.742668 0.676471 0.0372677 0.074519
2 0.284993 0.318185 0.0546188 0.0822613
0 0.639061 0.465422 0.0242545 0.0652246
2 0.695517 0.720934 0.255339 0.143406
3 0.802682 0.412867 0.0565905 0.0638737
0 0.735096 0.675022 0.051366 0.0727834
0 0.286107 0.452624 0.0258483 0.0597939
0 0.57418 0.519087 0.0336132 0.0546261
0 0.244335 0.384607 0.0210197 0.0542822
3 0.288788 0.615533 0.0386281 0.0774212
0 0.216029 0.426778 0.0239915 0.0669509
7 0.285469 0.317906 0.054131 0.0830247
2 0.290518 0.327929 0.0448102 0.0646882
3 0.526588 0.347166 0.0578415 0.0386607
0 0.283256 0.568551 0.0299877 0.0400823
