2 0.750284 0.63942 0.10814 0.140252
2 0.747037 0.455195 0.06137 0.0652941
2 0.567012 0.4034 0.0669156 0.0807116
2 0.211357 0.724312 0.220134 0.138023
2 0.657625 0.338838 0.025051 0.0430938
0 0.42316 0.491824 0.0334883 0.0577367
2 0.566797 0.414092 0.0673903 0.0567537
2 0.695632 0.347062 0.027059 0.0338626
0 0.525948 0.496465 0.0301373 0.0680475
3 0.879011 0.562899 0.0326484 0.0693935
3 0.502807 0.557535 0.0506134 0.0596447
0 0.422861 0.483724 0.0257201 0.0421133
7 0.21345 0.723287 0.218706 0.135792
