2 0.632917 0.532324 0.129913 0.133422
2 0.815072 0.568781 0.142035 0.127921
2 0.504872 0.365555 0.0721658 0.06465
3 0.407889 0.518837 0.0316112 0.0667758
2 0.328649 0.302769 0.0360681 0.0353038
2 0.401201 0.292463 0.0300558 0.0390673
3 0.515701 0.534513 0.0330364 0.065416
0 0.366384 0.548005 0.0302397 0.0557871
0 0.563378 0.629933 0.0397427 0.0812213
3 0.544608 0.739273 0.0512632 0.10116
3 0.371537 0.591243 0.0379085 0.0617585
2 0.32943 0.307068 0.0409966 0.0456584
2 0.607183 0.318538 0.0401945 0.0409844
3 0.423491 0.440877 0.0237253 0.0528348
0 0.365597 0.437275 0.0216845 0.0593882
0 0.366338 0.559251 0.0314908 0.0787494
0 0.57221 0.657521 0.0250124 0.0914999
1 0.463227 0.461139 0.0234529 0.0607371
0 0.566381 0.657302 0.0396366 0.0956689
3 0.377743 0.596426 0.0270568 0.0540332
2 0.49055 0.339752 0.0408972 0.0308276
3 0.462886 0.460049 0.0234493 0.0614808
0 0.536231 0.441167 0.0236875 0.0597585
3 0.422674 0.430755 0.0263628 0.0712014
