2 0.46978 0.512064 0.114286 0.133848
2 0.58204 0.36431 0.0488798 0.0562603
2 0.651226 0.348994 0.0397017 0.0509469
2 0.615887 0.330279 0.0314302 0.0316114
0 0.432836 0.459582 0.0365974 0.0969698
3 0.356786 0.542859 0.0507652 0.0990161
0 0.16456 0.359099 0.0211194 0.0614598
0 0.709424 0.338013 0.0161726 0.0721154
0 0.710022 0.328385 0.0163328 0.053508
0 0.432988 0.446156 0.032378 0.0690617
3 0.180601 0.762268 0.0827176 0.0649466
0 0.357782 0.52059 0.0439558 0.0924179
2 0.618704 0.321758 0.0318595 0.0455816
2 0.675386 0.310223 0.0289693 0.0295845
0 0.218668 0.37087 0.0213945 0.0596835
3 0.431069 0.475427 0.0368293 0.0771664
