2 0.228286 0.411816 0.0519159 0.0440442
3 0.217652 0.531712 0.0215372 0.0462475
6 0.604668 0.522353 0.580641 0.530205
0 0.25688 0.521205 0.0216621 0.0578458
3 0.275464 0.603627 0.0286269 0.0607581
2 0.172451 0.400035 0.0355018 0.0339791
2 0.221014 0.330093 0.0330374 0.0265386
2 0.168084 0.391291 0.0452645 0.033569
2 0.126303 0.531786 0.0473245 0.104796
3 0.274594 0.589641 0.029737 0.0653426
2 0.610397 0.317928 0.0358532 0.0281126
2 0.26404 0.361889 0.029007 0.0237585
2 0.233588 0.346177 0.0346731 0.0221011
