5 0.477501 0.465842 0.244331 0.265178
2 0.531665 0.706135 0.170194 0.178379
2 0.756448 0.622256 0.0993134 0.107593
0 0.334404 0.758692 0.0511374 0.0745291
2 0.648736 0.463871 0.0983538 0.105245
2 0.772479 0.393356 0.0687511 0.036298
2 0.862868 0.542951 0.0655479 0.0827154
2 0.421524 0.326449 0.0426579 0.0419285
0 0.589497 0.673391 0.0401566 0.121895
2 0.521774 0.388578 0.0723845 0.04674
2 0.821606 0.590483 0.129391 0.126834
2 0.477814 0.358936 0.056877 0.0452928
0 0.479465 0.777001 0.0367203 0.0390966
2 0.718134 0.469529 0.0898457 0.0809367
2 0.233685 0.280126 0.0286258 0.0427016
0 0.368617 0.675201 0.0397421 0.117848
2 0.349657 0.406303 0.0396164 0.0642457
2 0.731241 0.616302 0.149289 0.119594
0 0.295565 0.509981 0.0265204 0.0678856
2 0.490823 0.357391 0.0840767 0.04871
2 0.610997 0.397759 0.0638883 0.0692263
2 0.292461 0.297734 0.034028 0.0300848
2 0.322865 0.336169 0.0349706 0.0330086
