2 0.505536 0.38174 0.027944 0.0401466
3 0.594943 0.694259 0.044845 0.119752
0 0.493241 0.68631 0.0354877 0.102464
0 0.467086 0.509292 0.0183151 0.0675909
0 0.495669 0.565131 0.0263227 0.0822834
3 0.822306 0.622253 0.0555821 0.0790075
3 0.494552 0.737224 0.0395324 0.0917532
3 0.704943 0.603927 0.043656 0.0690183
0 0.256464 0.551943 0.0216884 0.0689376
3 0.415377 0.623324 0.0246645 0.0603207
3 0.326177 0.64097 0.0371274 0.0934269
3 0.49606 0.566392 0.0254103 0.0873907
0 0.412464 0.584848 0.0263175 0.0665996
2 0.637463 0.34557 0.029109 0.0286662
0 0.456097 0.440719 0.0155811 0.0435075
3 0.413874 0.609429 0.0276588 0.0656396
3 0.328202 0.644891 0.0291981 0.0806131
