0 0.430625 0.673551 0.0422344 0.113478
3 0.133313 0.505399 0.05777 0.0704887
3 0.864039 0.570848 0.0421442 0.0742175
0 0.370972 0.389117 0.0175152 0.0566138
3 0.516135 0.687666 0.0480776 0.0997554
0 0.516422 0.64816 0.0442848 0.0835396
3 0.367283 0.518719 0.0324229 0.0650427
3 0.860527 0.481709 0.0271114 0.0581088
0 0.337957 0.33279 0.0172931 0.0453561
3 0.843953 0.480736 0.0603569 0.0635873
3 0.364475 0.510792 0.0371533 0.0784495
3 0.430137 0.701482 0.0417612 0.0892433
0 0.368304 0.485888 0.0238933 0.0540423
3 0.852987 0.402048 0.0395775 0.0469407
2 0.338931 0.24463 0.0198941 0.0211365
