2 0.658379 0.694651 0.2109 0.203538
2 0.339105 0.43976 0.0648343 0.0868312
3 0.656421 0.593554 0.0474771 0.0645364
0 0.753689 0.695157 0.0621487 0.109821
3 0.820483 0.409417 0.0320913 0.0476917
3 0.461544 0.535528 0.0315911 0.0782294
3 0.489591 0.464599 0.0285698 0.0682184
3 0.30979 0.547935 0.0229987 0.0620911
3 0.226894 0.485379 0.0282586 0.0616678
3 0.42843 0.44309 0.0262077 0.0532853
3 0.296856 0.687126 0.041334 0.105207
3 0.270914 0.562955 0.0284296 0.0705409
0 0.292406 0.649037 0.0370046 0.0776043
3 0.535179 0.487195 0.0281027 0.0712666
3 0.520681 0.684246 0.0463003 0.0994665
0 0.27049 0.546823 0.0297897 0.0859415
3 0.337855 0.327957 0.0261222 0.0433019
3 0.564335 0.496529 0.0533232 0.0694957
