2 0.324438 0.448557 0.0779926 0.107964
2 0.283926 0.330629 0.0386032 0.0481789
2 0.726753 0.740369 0.220357 0.107507
2 0.851647 0.395147 0.0893499 0.0624084
2 0.361049 0.36466 0.0489457 0.0483458
0 0.240269 0.665704 0.0364142 0.100211
3 0.41502 0.429463 0.0423034 0.0619233
3 0.776832 0.695352 0.0878972 0.101721
3 0.504853 0.44563 0.0292245 0.0384143
3 0.530731 0.382523 0.0361586 0.0390665
0 0.808672 0.467998 0.0242815 0.0662732
3 0.262057 0.400109 0.0205109 0.0518223
2 0.528889 0.760671 0.149763 0.0695484
3 0.243526 0.683349 0.0344368 0.0692127
2 0.287783 0.268463 0.0263939 0.0246253
3 0.780169 0.400112 0.0295448 0.0333391
2 0.19911 0.256896 0.0258148 0.0320119
3 0.118976 0.475658 0.026498 0.0479898
3 0.807496 0.470752 0.0239385 0.0601289
