0 0.445439 0.721569 0.0443599 0.128731
7 0.8175 0.436088 0.133981 0.134979
0 0.445082 0.692748 0.0442024 0.0692197
3 0.458158 0.445495 0.0511138 0.0720379
3 0.34485 0.512607 0.0621824 0.0833497
3 0.526074 0.467337 0.0421078 0.0509823
2 0.391542 0.339791 0.0375455 0.056405
3 0.310437 0.401519 0.0346347 0.0553181
3 0.635473 0.500795 0.0360064 0.0628576
0 0.424498 0.757456 0.0532852 0.0760673
3 0.694114 0.466182 0.0292974 0.0503731
0 0.636294 0.498243 0.0358318 0.0692094
3 0.343561 0.524231 0.0613671 0.0612481
3 0.755611 0.408385 0.0302656 0.0502919
3 0.614349 0.425728 0.0543249 0.056388
3 0.60481 0.429186 0.0350698 0.0479831
3 0.454128 0.455518 0.0435417 0.0509482
