2 0.387873 0.509861 0.0984261 0.102769
2 0.333455 0.747068 0.192772 0.100411
2 0.506435 0.402652 0.0509764 0.0573315
0 0.650171 0.458886 0.0213965 0.0869429
0 0.580701 0.608621 0.0407871 0.0840229
3 0.271151 0.543089 0.0475944 0.0651417
3 0.172337 0.579604 0.0589668 0.0870119
3 0.700017 0.603286 0.03823 0.085565
0 0.615292 0.700003 0.0514447 0.114084
3 0.555144 0.545829 0.0278244 0.0596277
3 0.515614 0.694605 0.0405546 0.0938486
0 0.676271 0.756718 0.0525337 0.0818399
3 0.51024 0.713416 0.0320723 0.060275
3 0.496762 0.561197 0.0283614 0.0555942
