2 0.657637 0.561007 0.119569 0.0915262
2 0.715092 0.679289 0.148692 0.139594
2 0.847223 0.670702 0.0996496 0.113292
5 0.350158 0.382855 0.125443 0.0724462
2 0.56025 0.489638 0.0831686 0.072243
2 0.540635 0.563123 0.0975747 0.0890935
2 0.439462 0.46101 0.0632073 0.0684861
2 0.485493 0.511671 0.077179 0.0719658
2 0.184045 0.405791 0.0594244 0.0329164
5 0.303314 0.541653 0.117834 0.20131
5 0.440517 0.36961 0.0623417 0.0515131
0 0.6102 0.642134 0.0255693 0.0866071
5 0.510619 0.371457 0.0507927 0.0592024
7 0.589658 0.347998 0.0520655 0.0721088
7 0.303043 0.542332 0.119023 0.202459
3 0.233162 0.571738 0.0245313 0.0575641
7 0.440583 0.369402 0.0622187 0.0495323
3 0.166364 0.648657 0.0429287 0.0869313
3 0.200612 0.621258 0.0283379 0.0741409
0 0.198878 0.618169 0.0328849 0.0760939
2 0.866891 0.769197 0.0583099 0.0488454
