2 0.23336 0.44713 0.130913 0.0968597
2 0.399571 0.394199 0.083097 0.0638291
0 0.741662 0.467515 0.0259203 0.0612598
2 0.793173 0.364032 0.049425 0.0371707
3 0.779174 0.665906 0.0493891 0.0560487
3 0.73487 0.587471 0.0350698 0.0721498
0 0.434439 0.662502 0.0497946 0.0836529
3 0.725213 0.39975 0.0194651 0.039614
2 0.866075 0.357387 0.0428965 0.0382817
3 0.86352 0.508989 0.0334989 0.072305
0 0.763487 0.515138 0.0352293 0.0712011
0 0.774056 0.623901 0.0382097 0.0664358
3 0.776586 0.648361 0.0503873 0.0913172
3 0.680131 0.330951 0.0304482 0.0314084
3 0.624647 0.576358 0.0462583 0.0851774
3 0.434516 0.677545 0.0563275 0.0975508
