5 0.355377 0.573201 0.148789 0.28021
2 0.773496 0.504672 0.0706984 0.0508131
2 0.468488 0.3994 0.0321312 0.0299106
2 0.452982 0.349602 0.0233913 0.0262484
2 0.639264 0.381054 0.0328266 0.0295533
2 0.47096 0.402169 0.0353178 0.0373545
2 0.3987 0.353315 0.0241656 0.0206845
0 0.516998 0.643449 0.0240622 0.0678362
2 0.760758 0.367893 0.0398877 0.0270824
2 0.441145 0.463676 0.021376 0.0446575
0 0.660477 0.417389 0.0145689 0.0309731
3 0.465739 0.76001 0.0499001 0.0703455
3 0.815213 0.669199 0.0370967 0.052658
