2 0.784232 0.599511 0.115854 0.122413
2 0.414865 0.522723 0.0886498 0.111261
0 0.706914 0.725568 0.0338337 0.119061
2 0.467002 0.417719 0.0695133 0.0703732
0 0.342542 0.709942 0.0453836 0.112884
3 0.147926 0.738784 0.0892506 0.109886
0 0.530793 0.733378 0.0470837 0.124393
3 0.339719 0.756063 0.0351657 0.0783187
0 0.577916 0.737672 0.0465978 0.11738
0 0.642464 0.735605 0.0475887 0.113483
2 0.55993 0.404079 0.0406556 0.0674863
3 0.342247 0.499642 0.0327801 0.0858021
2 0.650124 0.468047 0.0677517 0.100575
3 0.234558 0.619431 0.0376117 0.0679604
3 0.288637 0.621239 0.0382865 0.0683796
3 0.472173 0.747394 0.0478318 0.100686
