5 0.296976 0.657555 0.193724 0.269674
2 0.519006 0.739792 0.103145 0.110435
2 0.406296 0.749186 0.0951133 0.093139
2 0.646256 0.720001 0.113401 0.147051
5 0.412871 0.522609 0.0637301 0.128898
2 0.516553 0.638675 0.0629585 0.105
2 0.502532 0.573388 0.0466762 0.0759561
0 0.463744 0.640591 0.0248855 0.0531547
0 0.441926 0.689831 0.0282772 0.0728718
2 0.487146 0.500138 0.0492557 0.0842045
2 0.516057 0.415583 0.0286991 0.0357965
2 0.503383 0.562112 0.0445636 0.0557126
2 0.620062 0.633389 0.0748591 0.0816605
5 0.566946 0.429738 0.0381931 0.0361601
5 0.581403 0.483665 0.0614186 0.0766306
