2 0.205655 0.448927 0.112349 0.0682352
2 0.810595 0.716923 0.176903 0.16563
2 0.490868 0.391883 0.0343952 0.0446944
3 0.500435 0.568915 0.0476288 0.0643414
3 0.508793 0.442222 0.0295779 0.0421227
3 0.573644 0.565748 0.02962 0.0794795
3 0.639846 0.572519 0.0345871 0.0674016
2 0.541494 0.39017 0.0372185 0.0290523
3 0.566664 0.443159 0.0181725 0.0451099
3 0.689722 0.543198 0.0308973 0.058727
0 0.518742 0.505078 0.0197205 0.0622351
0 0.457016 0.519414 0.0207253 0.0435675
3 0.501708 0.577641 0.0431133 0.0503251
0 0.670206 0.467875 0.0184132 0.050284
3 0.848338 0.621284 0.0444786 0.075458
3 0.456622 0.545782 0.0403769 0.0488503
