2 0.285245 0.762902 0.103853 0.0655287
2 0.589397 0.399016 0.043849 0.0632476
2 0.538362 0.387345 0.0324 0.0348266
2 0.495228 0.418044 0.0366454 0.045091
5 0.558208 0.5908 0.0833213 0.214912
2 0.628706 0.374951 0.0422297 0.0337679
0 0.343961 0.671533 0.0230053 0.0859332
2 0.661616 0.404057 0.0697879 0.0399688
2 0.510835 0.363662 0.0211546 0.0269201
0 0.62734 0.612123 0.0247521 0.0779754
0 0.391848 0.69579 0.0285405 0.0925026
7 0.676091 0.576334 0.0881616 0.138243
7 0.558387 0.591772 0.0835657 0.213707
2 0.49232 0.474707 0.0427735 0.0640659
5 0.410833 0.556377 0.080871 0.165193
2 0.74928 0.778416 0.0933911 0.0359749
5 0.676412 0.576403 0.0882254 0.138296
2 0.171904 0.540199 0.062434 0.0425558
0 0.212406 0.636711 0.0244451 0.055706
0 0.311416 0.626162 0.0265674 0.0866395
0 0.348002 0.596066 0.025362 0.0731063
0 0.605491 0.588248 0.0215569 0.107147
