3 0.322189 0.644595 0.0920934 0.0920703
3 0.204056 0.562082 0.0845037 0.0660636
3 0.133284 0.611158 0.061005 0.0834091
3 0.657921 0.741909 0.0632391 0.108276
3 0.830339 0.396442 0.0193525 0.0432796
3 0.495401 0.764955 0.0466229 0.0632151
3 0.234905 0.452244 0.035882 0.0738368
3 0.327967 0.507062 0.0303484 0.0718978
0 0.481539 0.634174 0.0414248 0.100413
3 0.515871 0.450635 0.0298332 0.0611623
3 0.806199 0.62279 0.0405135 0.0752997
3 0.325791 0.398973 0.029668 0.0494306
0 0.497013 0.73385 0.0504725 0.10505
0 0.392152 0.492738 0.0265076 0.0661966
3 0.399264 0.402534 0.0289106 0.0510692
3 0.60919 0.542345 0.0367476 0.0553913
0 0.806886 0.597908 0.0387478 0.0832984
0 0.517262 0.447123 0.0242522 0.0639891
3 0.658518 0.756662 0.0589205 0.0798632
3 0.6082 0.532093 0.0375971 0.0753681
0 0.658158 0.655964 0.0561194 0.0974375
3 0.572669 0.59797 0.0401295 0.0756624
3 0.878661 0.554214 0.0330769 0.124785
