3 0.151433 0.488488 0.0421936 0.0799572
3 0.251868 0.566205 0.0663094 0.0882605
0 0.25269 0.534729 0.0549855 0.0783484
3 0.286892 0.368353 0.0359879 0.0521384
0 0.140462 0.339407 0.0236687 0.0411325
3 0.642556 0.35981 0.0474033 0.0546027
2 0.811637 0.31969 0.0289986 0.0299899
0 0.289709 0.366746 0.0311712 0.0541597
3 0.822727 0.368854 0.02576 0.0418368
0 0.137337 0.407831 0.0433257 0.0630701
0 0.874202 0.523082 0.0443516 0.0725859
3 0.136627 0.408804 0.0404849 0.0648296
3 0.838732 0.586057 0.103379 0.103309
2 0.116485 0.339414 0.0264344 0.0265697
