2 0.445387 0.466438 0.0929404 0.0785851
2 0.19072 0.533148 0.0959161 0.110865
0 0.748988 0.73289 0.0507835 0.109647
2 0.848673 0.412748 0.0625294 0.0685893
0 0.631337 0.754674 0.0490036 0.0820443
0 0.735914 0.54513 0.0312449 0.063346
2 0.573017 0.369053 0.0393366 0.0375576
2 0.607707 0.357688 0.0402493 0.034088
3 0.734492 0.576326 0.0649155 0.0498891
2 0.27207 0.389348 0.03721 0.0494721
3 0.264397 0.440604 0.018602 0.0443164
3 0.884376 0.734302 0.0252071 0.087017
2 0.814732 0.343211 0.0494427 0.0590363
7 0.814295 0.342349 0.0505908 0.0590428
3 0.687339 0.464503 0.0289502 0.0445301
3 0.736341 0.561803 0.0606107 0.0706659
0 0.882913 0.730512 0.0256462 0.0889958
0 0.852759 0.477656 0.0315838 0.0623846
2 0.254764 0.372458 0.015068 0.0298491
3 0.754468 0.769826 0.0353881 0.0522811
0 0.44407 0.39433 0.0206838 0.0412626
3 0.689169 0.4571 0.0319095 0.055381
3 0.753826 0.761926 0.0390454 0.0662269
0 0.66027 0.392151 0.012704 0.0333071
2 0.767525 0.318482 0.0259496 0.0194406
