3 0.820611 0.484733 0.0244323 0.0591883
2 0.708012 0.328253 0.0225142 0.0239863
0 0.359019 0.669351 0.0399988 0.0944251
3 0.150237 0.723112 0.0669138 0.104532
3 0.450836 0.559677 0.0407268 0.0612073
0 0.270001 0.643912 0.048067 0.0961864
0 0.57213 0.726067 0.0458324 0.108852
0 0.449862 0.652293 0.0402245 0.0859207
3 0.590945 0.617563 0.0480536 0.0984965
3 0.454264 0.693536 0.0268593 0.0498498
3 0.674677 0.677524 0.0390582 0.0677329
3 0.674309 0.663776 0.0389292 0.0962365
3 0.357745 0.709321 0.0421721 0.0938791
3 0.874345 0.597129 0.044064 0.0591385
3 0.59416 0.634609 0.0428232 0.0640342
3 0.449607 0.549441 0.0416865 0.0705354
3 0.378648 0.580653 0.0280046 0.0674327
3 0.282699 0.759986 0.0817387 0.0713345
