3 0.775709 0.562548 0.0524701 0.0861109
2 0.713846 0.351436 0.073902 0.0526747
0 0.775846 0.531834 0.0467449 0.0865813
0 0.761985 0.431549 0.022897 0.0742304
0 0.656375 0.346749 0.0199556 0.050694
2 0.784787 0.342797 0.0736487 0.0608701
0 0.706564 0.413495 0.0238621 0.0575989
2 0.859337 0.303714 0.0553102 0.0589332
2 0.298417 0.529496 0.272857 0.24893
7 0.298863 0.529307 0.270862 0.249211
0 0.161939 0.54402 0.0251931 0.0813818
7 0.785233 0.322464 0.0785589 0.103664
0 0.503126 0.35552 0.0106889 0.0420427
0 0.478178 0.384252 0.0364344 0.0624618
0 0.16323 0.549767 0.0363127 0.0891914
3 0.858739 0.704415 0.073769 0.122736
0 0.198643 0.329031 0.0179901 0.0339624
