0 0.873673 0.621532 0.0320584 0.0897836
3 0.390556 0.605214 0.0380213 0.0786109
0 0.714007 0.485411 0.018569 0.0633298
2 0.159947 0.355668 0.0360207 0.0307961
0 0.746836 0.501648 0.0251684 0.0613116
2 0.714928 0.391482 0.0352249 0.0338346
0 0.364677 0.548297 0.0298291 0.0679222
0 0.245154 0.590183 0.0459641 0.0832761
3 0.230442 0.632533 0.0372774 0.0636703
3 0.116092 0.439317 0.0210015 0.0430752
3 0.611696 0.66176 0.0270651 0.0595736
3 0.432903 0.441744 0.0214601 0.0383749
0 0.239731 0.577095 0.0262116 0.061129
0 0.613633 0.635617 0.0311422 0.0805584
3 0.227904 0.638785 0.0324457 0.0522022
3 0.580754 0.46508 0.0182563 0.0337441
2 0.585787 0.361149 0.0287659 0.0289489
0 0.61808 0.484962 0.0228731 0.0625657
