2 0.539392 0.642917 0.206288 0.217837
2 0.132262 0.656479 0.058099 0.152223
2 0.415356 0.525467 0.273733 0.28474
2 0.807376 0.323471 0.100442 0.0772506
3 0.141506 0.401657 0.0490518 0.0362757
2 0.646233 0.413765 0.0891323 0.0966186
25 0.447095 0.303904 0.07679 0.0422108
3 0.155873 0.544569 0.0847734 0.0906649
0 0.825026 0.59601 0.0570763 0.119001
2 0.771397 0.315021 0.0574218 0.0548092
3 0.388988 0.36661 0.0423516 0.0565469
7 0.415271 0.526117 0.274403 0.287689
3 0.816203 0.632574 0.0500427 0.0776196
0 0.150332 0.534953 0.0717734 0.108368
3 0.140608 0.393513 0.0473048 0.0501016
3 0.822584 0.605564 0.0625984 0.134946
