2 0.151926 0.558698 0.0972446 0.142542
5 0.822555 0.616187 0.149068 0.35048
2 0.338694 0.529756 0.077097 0.109264
3 0.191554 0.468563 0.0279931 0.0533631
3 0.152975 0.464848 0.0276281 0.0517894
2 0.302705 0.447337 0.0532293 0.0648409
3 0.238365 0.433312 0.0196837 0.0427905
11 0.428408 0.538906 0.0562143 0.0788686
5 0.314675 0.427446 0.0767628 0.103032
0 0.705749 0.360572 0.0124515 0.0288496
7 0.314662 0.427502 0.0771093 0.102774
0 0.661293 0.34212 0.0120344 0.0367627
0 0.201373 0.427158 0.0193635 0.0427815
0 0.748397 0.372905 0.016189 0.0312535
2 0.334572 0.356214 0.0385751 0.0439521
