2 0.507099 0.48737 0.0710709 0.0657653
2 0.452655 0.42596 0.0508167 0.0455473
3 0.764825 0.698497 0.0796985 0.0986719
3 0.622561 0.585577 0.0431528 0.065851
2 0.407126 0.440638 0.0469145 0.0520603
0 0.128838 0.771868 0.0349904 0.0511417
3 0.25951 0.712633 0.0324991 0.0667943
0 0.258171 0.66812 0.0359193 0.0486662
2 0.354941 0.394016 0.0369636 0.0363196
3 0.675225 0.560875 0.0417254 0.0665456
3 0.87646 0.766853 0.0387912 0.0582027
0 0.535494 0.551859 0.029662 0.0563871
3 0.783316 0.592371 0.054864 0.0593227
3 0.581632 0.509641 0.0305702 0.0527403
0 0.258259 0.681093 0.0370361 0.0712944
2 0.352077 0.384318 0.0355926 0.0518541
2 0.811546 0.45191 0.057103 0.0508123
0 0.304474 0.716377 0.0254888 0.0494703
