7 0.295441 0.644151 0.260689 0.237724
2 0.679939 0.399717 0.0622124 0.0538023
7 0.535491 0.463258 0.143125 0.14878
0 0.761317 0.470716 0.0268734 0.0744167
5 0.534185 0.465105 0.143114 0.151438
2 0.295058 0.644154 0.261214 0.23889
0 0.563788 0.559622 0.0392971 0.0811185
0 0.274967 0.496283 0.0348975 0.0789446
3 0.275062 0.499112 0.0348486 0.0811347
2 0.748133 0.305661 0.0455191 0.0458941
2 0.803005 0.284011 0.033329 0.036502
2 0.783129 0.326058 0.0358753 0.0364271
2 0.742491 0.304277 0.0356836 0.0410245
0 0.734269 0.400969 0.0151259 0.0426014
