2 0.267578 0.399996 0.0577107 0.0706193
0 0.229281 0.515379 0.0388202 0.0989975
3 0.0596794 0.796432 0.0650795 0.138555
2 0.344681 0.425586 0.0682619 0.0928039
2 0.342053 0.357205 0.0495531 0.059864
3 0.488539 0.416569 0.0608556 0.0593961
0 0.803727 0.496194 0.0330998 0.0766301
3 0.226791 0.546621 0.0411708 0.0645752
0 0.0666561 0.700248 0.0515614 0.0904333
0 0.964848 0.554046 0.0578514 0.235717
3 0.591052 0.431001 0.0498031 0.0664904
3 0.222862 0.554388 0.0367234 0.052921
3 0.667935 0.363451 0.0416376 0.0392166
3 0.0503269 0.808553 0.0471306 0.115056
