2 0.250348 0.631877 0.190425 0.185438
2 0.503035 0.407365 0.0581219 0.0575152
0 0.527943 0.558548 0.0266569 0.0717375
2 0.577435 0.347126 0.040953 0.0409786
0 0.438406 0.71934 0.0488034 0.0930071
0 0.696972 0.64532 0.0338505 0.0955721
3 0.565241 0.76032 0.0508869 0.0750269
3 0.48675 0.633103 0.0314079 0.0916972
3 0.670153 0.430297 0.0164072 0.0492581
3 0.272998 0.439159 0.0495743 0.0785548
3 0.348508 0.54341 0.0509277 0.0749703
2 0.120457 0.616346 0.0338197 0.137577
3 0.607348 0.708471 0.0308125 0.0663409
3 0.485872 0.650046 0.0297587 0.0589783
3 0.388096 0.508819 0.0306644 0.0661565
3 0.434513 0.756429 0.0476717 0.0781922
