0 0.499669 0.74268 0.040194 0.108925
2 0.739944 0.66238 0.121998 0.215291
3 0.384532 0.748775 0.0580762 0.0930667
2 0.778037 0.415711 0.0515941 0.0568702
3 0.704199 0.444488 0.0196901 0.0559723
3 0.61746 0.546259 0.0353575 0.0678728
3 0.293307 0.740118 0.0812539 0.11343
0 0.632421 0.647172 0.0341783 0.0991511
2 0.61851 0.342529 0.0524578 0.0301138
7 0.74039 0.345681 0.0331882 0.0582558
0 0.384766 0.698873 0.0484955 0.113755
3 0.568395 0.502475 0.0353369 0.0653071
3 0.54327 0.605379 0.0398628 0.0587273
3 0.573301 0.501363 0.0261736 0.0625919
3 0.21862 0.686763 0.0783315 0.0897371
3 0.411557 0.595282 0.0291155 0.0585575
3 0.471198 0.632442 0.0359125 0.0583675
3 0.613622 0.551966 0.0407875 0.0608891
25 0.400348 0.450452 0.0515292 0.035427
3 0.46533 0.626872 0.0395961 0.0682904
0 0.610964 0.469685 0.0196878 0.0496969
