2 0.844123 0.719291 0.10482 0.149565
2 0.430116 0.394906 0.0974227 0.111427
2 0.466875 0.337499 0.0843349 0.0825579
2 0.343533 0.419578 0.0813581 0.098492
0 0.26861 0.507503 0.028297 0.0921315
2 0.872318 0.321719 0.0457118 0.0481727
0 0.281752 0.452269 0.0274299 0.0801085
2 0.882665 0.243662 0.0249464 0.0321134
3 0.296248 0.616303 0.030929 0.0791848
3 0.434606 0.774724 0.0432977 0.0419178
0 0.268077 0.482665 0.0259608 0.043925
2 0.810696 0.239441 0.0308774 0.0429871
3 0.257197 0.372472 0.0219029 0.0459582
3 0.294501 0.597363 0.0343522 0.102779
