5 0.197152 0.645716 0.186748 0.294519
2 0.8492 0.477362 0.0796091 0.0795194
2 0.310935 0.400546 0.0377084 0.043722
2 0.560635 0.367317 0.0628344 0.0584237
2 0.343253 0.344393 0.0228915 0.0296827
2 0.240285 0.40624 0.0474905 0.0525866
0 0.819431 0.679575 0.0473724 0.0968178
7 0.378553 0.450137 0.0856499 0.124215
3 0.624664 0.464125 0.0350805 0.053362
7 0.473808 0.727165 0.260248 0.128082
3 0.815942 0.734263 0.0573393 0.0889801
3 0.674253 0.447701 0.0278745 0.0529735
0 0.646957 0.409544 0.0191313 0.043045
2 0.453387 0.340083 0.0433665 0.0210389
0 0.178941 0.424579 0.0136531 0.0360753
0 0.678409 0.406509 0.0155596 0.0432366
3 0.831511 0.388776 0.0190452 0.0420442
3 0.803057 0.560185 0.0337791 0.0527879
2 0.278096 0.345907 0.0287888 0.0301372
0 0.811451 0.681648 0.0327999 0.0715878
3 0.817268 0.716262 0.0535683 0.0714563
0 0.260636 0.480932 0.0230841 0.0446087
0 0.804023 0.540276 0.0329643 0.0786314
3 0.804373 0.54198 0.0340035 0.0857113
2 0.368758 0.470234 0.0620668 0.0853811
0 0.766868 0.608717 0.0344475 0.0737791
3 0.760819 0.643908 0.0455488 0.0567916
