2 0.4592 0.745094 0.138473 0.102143
2 0.567813 0.513799 0.0838344 0.10639
3 0.698092 0.75236 0.0813399 0.0603673
3 0.458763 0.500474 0.028203 0.0635119
2 0.656794 0.403777 0.0325134 0.0369483
0 0.401926 0.692151 0.0423778 0.0839247
3 0.513764 0.458611 0.0212358 0.0637513
3 0.55996 0.608898 0.0386877 0.0681825
2 0.657321 0.36604 0.0327774 0.0333619
3 0.377129 0.536655 0.0343249 0.0624237
3 0.686668 0.607284 0.0315116 0.0726249
3 0.654208 0.497845 0.0268531 0.059449
3 0.396374 0.72506 0.0524471 0.0914938
3 0.736607 0.482093 0.0210489 0.038408
0 0.705869 0.714914 0.0376885 0.0548263
2 0.659509 0.408278 0.0383276 0.0474747
0 0.612674 0.75879 0.0398776 0.0651935
3 0.682577 0.620897 0.0269254 0.046437
3 0.31129 0.553878 0.0368409 0.0733452
0 0.689159 0.599709 0.0322427 0.076652
3 0.392731 0.735259 0.0457518 0.0717716
