5 0.259013 0.606658 0.166793 0.284613
3 0.798249 0.515968 0.0292537 0.0573537
2 0.11755 0.584804 0.0287057 0.0711053
2 0.127266 0.489154 0.0447942 0.0536165
0 0.219333 0.50253 0.0239731 0.0658426
0 0.347371 0.385787 0.0153879 0.0393262
3 0.178404 0.638935 0.033752 0.0848701
3 0.219292 0.503148 0.0246158 0.0660779
3 0.431437 0.405982 0.0144266 0.0417239
0 0.544136 0.344093 0.0230628 0.0688867
2 0.43437 0.279603 0.0258797 0.0227311
3 0.127721 0.490443 0.0446388 0.0516646
3 0.825685 0.4775 0.0278763 0.0502657
