2 0.427607 0.453496 0.127512 0.0986547
3 0.379432 0.650789 0.119593 0.12188
2 0.300746 0.455269 0.0768055 0.114293
3 0.28065 0.601575 0.0748825 0.0760332
3 0.234101 0.402349 0.0229917 0.0548122
3 0.344467 0.54336 0.0332367 0.0671854
0 0.234648 0.347175 0.0150569 0.0536046
3 0.478227 0.764315 0.065447 0.0619938
2 0.303315 0.300872 0.0325473 0.0319373
0 0.316875 0.412781 0.0240904 0.0423709
0 0.487122 0.764646 0.047815 0.0602615
3 0.345345 0.533013 0.0375602 0.0853804
3 0.819079 0.41583 0.0493604 0.0494802
2 0.864679 0.394789 0.0601509 0.07018
0 0.453849 0.39379 0.0402657 0.0781877
