2 0.573814 0.398953 0.0328239 0.0393042
2 0.639282 0.532143 0.0633958 0.0874203
2 0.456929 0.54717 0.0561031 0.0844885
2 0.532208 0.376532 0.0264593 0.0329755
2 0.490771 0.405653 0.0279013 0.0387796
2 0.573428 0.589755 0.0674713 0.107953
0 0.349075 0.544939 0.021861 0.0658928
2 0.656881 0.405167 0.0752663 0.0517787
0 0.217434 0.679174 0.0396061 0.0829887
2 0.561077 0.365557 0.0224863 0.023414
0 0.682932 0.721158 0.0390866 0.090316
3 0.350354 0.631412 0.0321679 0.0556685
3 0.251322 0.739411 0.0418537 0.0847022
3 0.40247 0.559985 0.0204449 0.0577781
2 0.620212 0.368062 0.0450042 0.032407
3 0.683195 0.756522 0.0375771 0.0648122
0 0.253792 0.701678 0.0321241 0.0684364
3 0.351707 0.619886 0.0333761 0.0752342
0 0.681085 0.710174 0.0343581 0.0714345
0 0.378667 0.535436 0.015957 0.0554768
3 0.49587 0.732403 0.0343399 0.0792965
0 0.549474 0.45575 0.0154497 0.0473335
0 0.405111 0.489292 0.0175217 0.049844
