2 0.494933 0.581715 0.180664 0.129209
2 0.598802 0.483523 0.117432 0.0941289
2 0.734069 0.437526 0.0980831 0.0656929
3 0.308169 0.518234 0.0809896 0.0755375
0 0.29858 0.472408 0.0400484 0.0739146
3 0.181597 0.52265 0.0569373 0.0426315
3 0.426424 0.467689 0.0534095 0.0438463
3 0.561448 0.420478 0.041106 0.0544945
3 0.635187 0.409509 0.0644116 0.0498086
0 0.298615 0.46235 0.0380924 0.0554232
3 0.657149 0.414132 0.0317739 0.0375751
3 0.624713 0.409957 0.0409708 0.0400789
3 0.183127 0.513844 0.059718 0.0590478
3 0.319123 0.52249 0.0601396 0.06823
