2 0.5701 0.737748 0.14124 0.118192
2 0.535699 0.550944 0.0936675 0.102317
2 0.619222 0.621788 0.128663 0.17402
2 0.65519 0.515171 0.0762937 0.0736249
0 0.683872 0.734685 0.0393401 0.119764
2 0.78324 0.753554 0.116685 0.0843559
2 0.616791 0.460584 0.0616495 0.0700021
5 0.694876 0.443157 0.0607879 0.107191
0 0.699636 0.638605 0.0336119 0.095999
2 0.69655 0.357449 0.0285285 0.0372176
3 0.849937 0.723803 0.0608829 0.135734
2 0.764198 0.621049 0.0781273 0.134391
0 0.574999 0.65811 0.0407835 0.0766908
2 0.376427 0.671207 0.245351 0.244716
2 0.790556 0.456447 0.0564377 0.0686965
7 0.377361 0.671649 0.244193 0.243756
7 0.764481 0.620353 0.0794873 0.135457
3 0.191776 0.744234 0.0864072 0.104767
