3 0.638226 0.744843 0.135397 0.100029
3 0.154236 0.474343 0.0573985 0.0843147
3 0.240903 0.419764 0.0421815 0.0568414
2 0.560913 0.357336 0.0469589 0.0465075
3 0.77579 0.649498 0.0796177 0.0868803
3 0.194279 0.38881 0.0359466 0.0555222
0 0.257931 0.524929 0.0438551 0.081038
3 0.295258 0.467508 0.0595702 0.0694386
0 0.301763 0.560834 0.0260758 0.0840262
0 0.644241 0.530834 0.0337121 0.0748878
3 0.376733 0.460332 0.0467357 0.0476803
3 0.322164 0.588013 0.058589 0.0813643
0 0.749512 0.503437 0.0407511 0.136327
3 0.643774 0.53348 0.0333612 0.0706387
3 0.137858 0.37103 0.0311512 0.0512883
