5 0.417422 0.444444 0.150256 0.215973
2 0.506601 0.404384 0.100718 0.0784281
5 0.696348 0.627127 0.239233 0.297006
0 0.381898 0.660649 0.0444511 0.123923
5 0.324241 0.3407 0.0599067 0.102566
2 0.872505 0.446216 0.0470462 0.0652469
0 0.277994 0.481491 0.0237408 0.0744325
2 0.387128 0.325293 0.0363514 0.0360062
3 0.155519 0.503673 0.0564063 0.0919292
3 0.383294 0.701873 0.0350645 0.0869214
0 0.254091 0.418812 0.0211804 0.0637261
0 0.23248 0.368054 0.0212199 0.0601904
0 0.276383 0.400133 0.0213198 0.0485788
2 0.258329 0.322408 0.0453958 0.0763608
