2 0.41901 0.413138 0.0307524 0.0390275
2 0.808766 0.732378 0.175227 0.123138
2 0.550873 0.455651 0.0535143 0.0565123
2 0.614873 0.378129 0.0339842 0.0288769
2 0.496145 0.399814 0.0368028 0.0442412
2 0.668085 0.775462 0.102587 0.0379415
2 0.147667 0.415479 0.0670965 0.0289035
2 0.467834 0.375655 0.0180162 0.0328756
2 0.43704 0.369393 0.0218658 0.0257634
3 0.118972 0.653794 0.0276934 0.0577064
2 0.712842 0.418511 0.0511299 0.0398095
2 0.433747 0.357232 0.020703 0.036926
2 0.579426 0.335245 0.0232965 0.0191231
0 0.11947 0.637567 0.0296822 0.0909216
