2 0.518923 0.534261 0.0876154 0.0993161
0 0.463044 0.733223 0.0526896 0.115185
3 0.427878 0.440343 0.026254 0.0541971
2 0.637634 0.453793 0.0463231 0.0642925
0 0.731563 0.76797 0.0527771 0.0565855
3 0.337775 0.498348 0.0383498 0.0771992
0 0.550367 0.752313 0.0532707 0.0838517
2 0.680031 0.401242 0.0498202 0.0294956
2 0.570862 0.372364 0.0306019 0.0254705
3 0.143748 0.667215 0.0820232 0.130718
0 0.633497 0.507669 0.0287571 0.0559484
2 0.584435 0.428943 0.0425476 0.0397204
3 0.633637 0.572329 0.0296349 0.0587176
3 0.46096 0.765464 0.0539693 0.0587658
0 0.162695 0.617332 0.034692 0.120294
0 0.152905 0.615208 0.0528859 0.117216
0 0.591353 0.501145 0.02396 0.0641908
0 0.634518 0.524042 0.0296814 0.0867491
3 0.634984 0.561779 0.0293028 0.0744495
