3 0.624874 0.426383 0.0506067 0.055346
2 0.635204 0.330021 0.0485403 0.0446496
0 0.635776 0.651459 0.0609402 0.107995
2 0.47973 0.391838 0.105485 0.0728013
3 0.87144 0.449156 0.0489116 0.0691423
3 0.629291 0.69795 0.0555868 0.0818795
3 0.383291 0.409793 0.0524701 0.0607234
0 0.771654 0.479881 0.0388356 0.12469
3 0.516092 0.424061 0.0519087 0.0607862
3 0.325511 0.396802 0.0573117 0.0514694
3 0.690457 0.436016 0.0497301 0.0564274
3 0.173923 0.360871 0.0416989 0.0617464
3 0.244183 0.396335 0.0615052 0.0551323
