2 0.506915 0.485958 0.104029 0.094349
2 0.379706 0.439053 0.0717926 0.0905263
2 0.820646 0.686611 0.149052 0.210422
0 0.297579 0.527249 0.0282884 0.0782323
2 0.404641 0.371153 0.0534 0.0578283
2 0.55019 0.630917 0.178216 0.23792
2 0.272138 0.322651 0.031041 0.0418195
3 0.448755 0.75676 0.0582638 0.0764674
2 0.293617 0.412979 0.0636562 0.0797206
2 0.314957 0.367538 0.0500735 0.0609174
0 0.166434 0.392737 0.0157892 0.0541846
0 0.239808 0.451846 0.02623 0.0755237
2 0.244755 0.298006 0.0325402 0.0432597
3 0.512267 0.739451 0.0597696 0.108784
0 0.514835 0.738391 0.0546053 0.108987
2 0.302138 0.273529 0.0192398 0.0189889
