2 0.348106 0.468687 0.0527246 0.0809343
2 0.556671 0.548508 0.0890063 0.109294
2 0.256354 0.32859 0.0258714 0.024282
2 0.290056 0.400441 0.0242136 0.0405456
0 0.508874 0.701054 0.0319422 0.0965143
2 0.266853 0.394057 0.0132548 0.035345
0 0.408421 0.596704 0.026066 0.0707133
0 0.109841 0.597913 0.0174805 0.0748142
3 0.408416 0.597575 0.025844 0.0693049
3 0.707255 0.506436 0.0299597 0.0460148
3 0.368837 0.383929 0.0142088 0.0293107
3 0.512356 0.742415 0.0403654 0.0904192
2 0.584861 0.450143 0.0197433 0.0414965
2 0.423178 0.454378 0.0204979 0.0514633
