2 0.40285 0.355331 0.0483288 0.0380116
2 0.867458 0.488896 0.0560089 0.0546038
3 0.590903 0.450098 0.0419466 0.0531256
9 0.824194 0.449195 0.0268822 0.0733588
3 0.617863 0.603464 0.0368175 0.0893663
3 0.514613 0.374423 0.0324995 0.0378279
0 0.242369 0.452806 0.0264782 0.060349
3 0.549718 0.65569 0.0714295 0.0816934
3 0.457056 0.748393 0.0448021 0.0887612
0 0.277411 0.438249 0.0210703 0.0570165
3 0.443873 0.748647 0.0634648 0.0900733
0 0.478531 0.630317 0.0320858 0.0754799
3 0.443818 0.759982 0.0595406 0.0665448
3 0.616548 0.61665 0.0388782 0.0661129
0 0.219318 0.453543 0.024113 0.057366
0 0.620227 0.595688 0.032472 0.0749577
0 0.50829 0.583736 0.0361255 0.0761623
2 0.30444 0.324975 0.0457455 0.0339942
