2 0.593967 0.5379 0.129291 0.128978
2 0.762074 0.499639 0.104778 0.116431
5 0.81215 0.709878 0.364406 0.315005
2 0.720765 0.434112 0.0827952 0.0792041
0 0.145454 0.778303 0.077562 0.112166
3 0.145368 0.834626 0.0768024 0.0750379
3 0.1342 0.436672 0.0508196 0.063061
3 0.483635 0.433259 0.062495 0.0724819
0 0.2833 0.377122 0.0241968 0.0559593
7 0.555292 0.398633 0.0796286 0.119069
5 0.555044 0.398875 0.0805446 0.119154
3 0.841881 0.492908 0.0371813 0.0473572
3 0.290486 0.539057 0.0551906 0.0684122
3 0.287264 0.602717 0.0365211 0.0764291
3 0.483272 0.444424 0.0595495 0.0491878
3 0.667674 0.369076 0.0230355 0.0456057
0 0.836813 0.451505 0.0351967 0.10599
3 0.321574 0.346993 0.0186571 0.0504705
3 0.840399 0.484698 0.0388603 0.0635443
