0 0.381366 0.739024 0.0406275 0.112275
0 0.797451 0.695189 0.0384439 0.0999327
0 0.464004 0.639799 0.0269343 0.0977246
2 0.469759 0.754601 0.112683 0.0805661
3 0.344445 0.654716 0.0350707 0.0810841
0 0.352215 0.552874 0.0286052 0.0704481
0 0.452656 0.652116 0.0478525 0.0771421
0 0.486117 0.456861 0.016922 0.0484123
2 0.363391 0.401571 0.0147634 0.0320047
3 0.746343 0.565026 0.0816103 0.0941459
25 0.251585 0.552458 0.0862428 0.0569362
2 0.358559 0.358788 0.0246414 0.0256947
0 0.321137 0.462655 0.0164215 0.0473792
