2 0.553698 0.639466 0.166665 0.213419
2 0.830673 0.467403 0.129611 0.0601883
0 0.319609 0.50162 0.0264206 0.0900142
2 0.406323 0.381173 0.0443272 0.0352118
0 0.261017 0.435644 0.0215826 0.070811
0 0.366336 0.584371 0.0344617 0.115651
0 0.508962 0.506812 0.0377197 0.0671947
0 0.449113 0.426227 0.0264322 0.0646041
2 0.403834 0.376837 0.0492114 0.0462266
0 0.383522 0.519793 0.0257995 0.0816842
3 0.699363 0.446629 0.0523946 0.0604368
0 0.286665 0.391483 0.0143869 0.048636
2 0.82731 0.402403 0.0935754 0.0584294
0 0.385177 0.525381 0.0187164 0.0729999
0 0.385347 0.468655 0.0278307 0.0831129
3 0.587593 0.449162 0.0357512 0.0495743
3 0.488162 0.387958 0.0312698 0.0494633
3 0.568834 0.446729 0.07304 0.0569994
