2 0.416941 0.415097 0.0969116 0.0725349
2 0.344537 0.468369 0.129933 0.100155
2 0.522882 0.399139 0.0869578 0.0716762
0 0.696341 0.465196 0.0246925 0.0795363
3 0.160309 0.471863 0.0684932 0.0755927
0 0.830101 0.480478 0.0202938 0.0783464
0 0.564376 0.490792 0.0341402 0.0736018
3 0.522939 0.611161 0.0546021 0.0840555
0 0.615091 0.482817 0.0318743 0.0945991
0 0.729862 0.376155 0.0187159 0.0490028
2 0.644016 0.360816 0.051934 0.0524625
3 0.514033 0.661368 0.0640413 0.087486
0 0.525696 0.585045 0.0483406 0.0875583
2 0.815445 0.287071 0.0409675 0.02968
3 0.152723 0.465927 0.0532531 0.083668
2 0.790515 0.337941 0.0333067 0.0586708
