2 0.155817 0.611834 0.10555 0.0856246
2 0.656797 0.399717 0.0683565 0.041731
2 0.529964 0.409299 0.0345241 0.0391183
2 0.592765 0.7105 0.106933 0.165745
5 0.648688 0.522593 0.102929 0.186758
2 0.545195 0.368866 0.0292527 0.0330885
2 0.503548 0.392987 0.024455 0.0284951
2 0.369245 0.373513 0.0814221 0.0486131
2 0.262458 0.761936 0.0973272 0.0644285
3 0.472958 0.666091 0.0354822 0.0679205
2 0.52847 0.41764 0.0373077 0.0523616
7 0.552901 0.491261 0.0607173 0.129497
0 0.352718 0.436528 0.0173105 0.0392704
3 0.304751 0.583694 0.0255235 0.0646385
0 0.383685 0.681827 0.0323008 0.0754931
2 0.761319 0.744657 0.153714 0.101064
0 0.304486 0.579469 0.0255003 0.0679393
2 0.61827 0.366248 0.0438766 0.0424998
3 0.472512 0.654934 0.0360143 0.0559015
3 0.381753 0.710902 0.0360011 0.0679927
0 0.33992 0.550254 0.0207703 0.0564957
3 0.472351 0.640709 0.0355079 0.0729226
3 0.382563 0.697488 0.0347245 0.0889421
2 0.735836 0.745302 0.104005 0.101106
0 0.46951 0.397255 0.0114936 0.0316042
