2 0.530676 0.684734 0.127549 0.157209
2 0.674905 0.44389 0.0482204 0.0604117
2 0.671168 0.344302 0.0256189 0.0263189
2 0.588634 0.396196 0.0394533 0.0353934
2 0.522123 0.386378 0.0448972 0.0388497
0 0.703817 0.498611 0.0224214 0.0604582
2 0.608776 0.371105 0.0315082 0.0301302
7 0.635735 0.346282 0.048551 0.0538174
3 0.58855 0.52081 0.0401008 0.078617
2 0.581437 0.497084 0.0522726 0.0601089
0 0.633018 0.45114 0.0152216 0.0398742
7 0.703813 0.337921 0.0349165 0.0427763
2 0.67149 0.398946 0.0375023 0.0299279
3 0.591887 0.532841 0.0325861 0.056931
0 0.663515 0.511982 0.0214107 0.0669648
0 0.615592 0.446018 0.0129742 0.0354019
2 0.585986 0.490048 0.0575109 0.0643928
0 0.442437 0.370969 0.0161021 0.0389
0 0.273503 0.613276 0.0203979 0.0401608
3 0.368914 0.537296 0.0289243 0.0613455
