2 0.648344 0.478324 0.0980201 0.110664
2 0.601899 0.56987 0.157406 0.158819
2 0.309173 0.702766 0.157627 0.281451
2 0.853433 0.738058 0.283691 0.257219
0 0.0966929 0.790945 0.0781879 0.155697
0 0.38401 0.490959 0.0336441 0.0826638
2 0.543918 0.443319 0.117647 0.137482
0 0.848325 0.554969 0.0600208 0.121915
2 0.391361 0.387859 0.0497297 0.0652331
2 0.600389 0.398719 0.0661647 0.0634831
0 0.70708 0.450804 0.0305163 0.0905826
7 0.465948 0.311816 0.0627571 0.099707
0 0.242978 0.401095 0.0203717 0.0644012
2 0.390841 0.397417 0.0495303 0.0447803
3 0.706624 0.452428 0.0300687 0.0898564
0 0.282986 0.370252 0.0190793 0.0571243
3 0.232403 0.53413 0.0352929 0.0928854
0 0.81939 0.477279 0.0348126 0.10527
7 0.543928 0.437934 0.11943 0.148505
2 0.477292 0.37917 0.0618685 0.0749216
2 0.547868 0.341755 0.0511464 0.0525127
