2 0.573383 0.540694 0.168145 0.108205
2 0.306431 0.623799 0.213641 0.14579
2 0.685673 0.445042 0.119951 0.072096
3 0.32928 0.70118 0.0731098 0.0884728
3 0.479367 0.46751 0.0518698 0.0421326
0 0.756707 0.639062 0.0448442 0.0797504
3 0.4171 0.740236 0.0989468 0.0962667
3 0.365377 0.497333 0.0571599 0.0558701
0 0.681727 0.597424 0.0331648 0.103721
0 0.506714 0.678637 0.0587656 0.105342
1 0.678436 0.622543 0.0381832 0.0715904
0 0.328761 0.697227 0.0699782 0.0968457
2 0.156585 0.77132 0.105922 0.050012
3 0.523292 0.681145 0.0883583 0.0981241
