2 0.559171 0.707351 0.286459 0.174059
2 0.381078 0.511524 0.153917 0.10255
2 0.656733 0.397926 0.0676741 0.0635611
3 0.211814 0.464243 0.0690253 0.0499671
5 0.8061 0.531679 0.181676 0.236879
3 0.261636 0.632862 0.0979665 0.093794
3 0.36871 0.432697 0.0578784 0.0662034
3 0.490233 0.482787 0.0679379 0.0822127
3 0.574282 0.480235 0.0781873 0.0705401
25 0.178037 0.315199 0.0498068 0.0275642
3 0.325418 0.360404 0.0301426 0.0468183
0 0.274018 0.61458 0.0457142 0.101534
0 0.263915 0.616326 0.0591496 0.100005
2 0.139725 0.560701 0.0719429 0.12611
2 0.65335 0.351974 0.0532021 0.0428311
2 0.72827 0.316235 0.032056 0.0274112
3 0.163424 0.698611 0.0726558 0.069414
3 0.136283 0.444524 0.0517615 0.0742696
0 0.133995 0.66945 0.0571287 0.113219
0 0.167102 0.661913 0.0416875 0.106346
3 0.437964 0.416193 0.0473111 0.0629324
0 0.17011 0.652816 0.0356789 0.0816912
