3 0.451629 0.621163 0.049069 0.118192
2 0.462081 0.375764 0.0445542 0.0427162
0 0.446711 0.769458 0.0395912 0.0488989
3 0.282559 0.451052 0.0309799 0.0615582
3 0.701287 0.607771 0.0552733 0.0774373
3 0.532849 0.456224 0.0447113 0.0809568
3 0.228755 0.554596 0.0879065 0.0729479
2 0.457365 0.381052 0.0533615 0.0530662
0 0.704723 0.583858 0.0382365 0.0607211
3 0.309479 0.415625 0.0295907 0.0616827
3 0.216544 0.558145 0.0636522 0.0590727
3 0.528253 0.448966 0.0374802 0.09345
3 0.696811 0.619619 0.0664439 0.0572588
