2 0.400413 0.551827 0.0784922 0.0950944
2 0.540691 0.517983 0.0606073 0.0774682
0 0.527891 0.633995 0.0326429 0.0778398
2 0.469908 0.411724 0.0354298 0.0434161
0 0.384261 0.387538 0.00943347 0.0349855
0 0.667647 0.462631 0.0190334 0.0705401
0 0.48507 0.609894 0.0308964 0.074252
0 0.654482 0.531467 0.0225229 0.0461371
0 0.607247 0.427087 0.0145927 0.039245
0 0.542513 0.429541 0.0133442 0.0414034
0 0.583769 0.617865 0.0263496 0.0514983
3 0.654039 0.540431 0.025889 0.0657853
0 0.2238 0.554983 0.0272565 0.0650858
