0 0.37762 0.770094 0.0508549 0.0503684
0 0.512933 0.706758 0.0351989 0.0995412
3 0.592763 0.512426 0.0210919 0.0559664
7 0.575789 0.406877 0.0397242 0.0496666
0 0.556353 0.535688 0.021788 0.0618096
0 0.619517 0.479353 0.0191678 0.0560732
3 0.618211 0.63946 0.0285404 0.0835373
3 0.131543 0.611925 0.0564141 0.0696878
3 0.556452 0.560543 0.0247318 0.0521359
3 0.621241 0.772001 0.0444616 0.0472445
3 0.618715 0.653291 0.0268813 0.0645006
3 0.511853 0.742585 0.0322824 0.0658434
0 0.64246 0.430844 0.0141872 0.0420008
2 0.575151 0.406049 0.0377856 0.0444796
0 0.593261 0.51307 0.02052 0.0559752
