0 0.347561 0.649497 0.0221397 0.088491
3 0.489363 0.515678 0.0325714 0.0772724
0 0.519572 0.444431 0.0214139 0.0535851
0 0.439832 0.676606 0.0363293 0.106504
0 0.393807 0.497429 0.0232271 0.0708393
3 0.719901 0.598414 0.0566057 0.0828102
3 0.606333 0.536037 0.0318956 0.0451419
0 0.67982 0.485653 0.0129068 0.047047
0 0.349292 0.443008 0.0159407 0.0575775
3 0.308739 0.479534 0.0223654 0.0631887
3 0.440297 0.709767 0.0344796 0.0871392
3 0.349815 0.443555 0.0163761 0.059344
3 0.605091 0.527491 0.0336636 0.062468
3 0.466561 0.367855 0.0282343 0.0438185
