2 0.66601 0.44525 0.0951849 0.0806319
2 0.297996 0.36687 0.0444179 0.0672621
2 0.503071 0.377795 0.0626178 0.0549787
2 0.416529 0.324914 0.0413888 0.0437132
0 0.499031 0.625478 0.0441904 0.0966442
2 0.317461 0.2956 0.0298031 0.0279946
2 0.5839 0.511404 0.124448 0.125387
2 0.365595 0.336559 0.03866 0.0391942
3 0.306841 0.505078 0.0293675 0.0529562
3 0.499933 0.661776 0.041676 0.0780301
0 0.299218 0.473058 0.0390524 0.114608
3 0.161376 0.579309 0.0473403 0.0600228
0 0.156272 0.564447 0.0461569 0.0934726
0 0.153802 0.554961 0.0393096 0.074915
0 0.802132 0.628815 0.0373644 0.0833245
0 0.291845 0.453633 0.0242822 0.0727511
2 0.304053 0.276339 0.019703 0.0237356
0 0.153432 0.540954 0.0356194 0.0474174
0 0.304538 0.491987 0.0311579 0.0778891
