2 0.437796 0.388394 0.0565705 0.0586082
3 0.181979 0.539177 0.0779388 0.0833839
2 0.398706 0.326257 0.0363653 0.0477413
3 0.527179 0.504225 0.0340993 0.0729376
0 0.415634 0.623659 0.0353405 0.0875968
3 0.414903 0.664823 0.0374668 0.0846693
3 0.698583 0.602145 0.0525428 0.0917939
3 0.404698 0.440787 0.0218289 0.0550232
3 0.521489 0.750024 0.0545794 0.0863332
3 0.806636 0.502731 0.0347192 0.0605243
0 0.516155 0.71119 0.0419142 0.115783
0 0.348505 0.361246 0.0175141 0.0432104
0 0.521126 0.724245 0.0518127 0.125042
3 0.875906 0.470875 0.0302063 0.0546502
0 0.552399 0.358541 0.0175527 0.0759677
