2 0.450696 0.461836 0.0505552 0.0574806
0 0.358296 0.729828 0.0373697 0.0918148
25 0.251654 0.551346 0.0882348 0.0532449
2 0.378552 0.328375 0.0210909 0.0189694
0 0.760882 0.753784 0.0598796 0.0827135
3 0.619798 0.509435 0.029741 0.0594435
2 0.36452 0.358285 0.02833 0.0406386
0 0.59122 0.667859 0.0286871 0.0646071
0 0.258269 0.616729 0.0205993 0.0715375
3 0.751653 0.577728 0.0691786 0.0659107
2 0.431308 0.408377 0.0307348 0.0453762
0 0.586369 0.67488 0.0401875 0.0878059
3 0.586454 0.704361 0.033857 0.0651552
2 0.419353 0.410569 0.0142534 0.0393951
0 0.541149 0.494927 0.0237656 0.0535624
