3 0.699956 0.717698 0.0515344 0.124862
3 0.620109 0.490507 0.0309784 0.0567804
0 0.257915 0.584988 0.02913 0.0737667
7 0.435575 0.34165 0.0612705 0.0430429
3 0.565232 0.438458 0.0264006 0.05111
3 0.518892 0.407528 0.0256571 0.0450858
2 0.851024 0.377032 0.0549848 0.0462073
3 0.312739 0.705362 0.094847 0.123922
0 0.682355 0.477502 0.0152742 0.0524881
3 0.580828 0.399108 0.0187899 0.0376379
2 0.324147 0.351163 0.0429268 0.0274631
0 0.690541 0.480941 0.0282768 0.0510947
3 0.844664 0.643157 0.070678 0.189108
3 0.301465 0.426396 0.0292795 0.0493601
0 0.302016 0.42582 0.0262247 0.0502814
3 0.687025 0.478858 0.0344534 0.0541441
