2 0.501499 0.673025 0.113899 0.144919
2 0.536788 0.39633 0.0798409 0.0653554
3 0.777984 0.473863 0.0502277 0.0572185
3 0.547669 0.494168 0.0400352 0.0478776
2 0.284791 0.347959 0.0712205 0.0519605
3 0.481881 0.416223 0.0564247 0.0557615
0 0.662626 0.636574 0.0261774 0.0654285
0 0.297452 0.4698 0.0256344 0.0627519
3 0.407865 0.432304 0.0368781 0.0446167
0 0.587983 0.638804 0.0296309 0.0789163
0 0.250637 0.399143 0.023915 0.044935
0 0.574808 0.721539 0.0377396 0.0813131
0 0.153249 0.764342 0.0640903 0.0677442
3 0.400784 0.432158 0.0504402 0.0469363
2 0.683603 0.32829 0.0708818 0.044541
0 0.55335 0.768238 0.039824 0.0586101
3 0.689888 0.435434 0.0378609 0.0515471
3 0.609191 0.449301 0.0403957 0.0462972
3 0.43422 0.51144 0.0313238 0.0551855
3 0.607322 0.45412 0.0374964 0.0352113
3 0.29768 0.471936 0.0243039 0.0577676
0 0.165849 0.764319 0.0389001 0.0677983
2 0.699808 0.326094 0.0380379 0.0432295
