5 0.800696 0.700863 0.190023 0.187037
2 0.67324 0.595951 0.123377 0.113827
0 0.526789 0.726794 0.0378564 0.106058
0 0.463186 0.518493 0.0232352 0.0744028
0 0.365768 0.759704 0.0372379 0.0698294
2 0.273553 0.387815 0.0368528 0.0326829
0 0.66392 0.512494 0.0253536 0.056146
0 0.526606 0.711326 0.0354216 0.072844
0 0.419471 0.600613 0.0284551 0.0427693
0 0.157817 0.4345 0.0254842 0.0628812
0 0.193183 0.442688 0.0194688 0.0610039
0 0.370681 0.760512 0.0259282 0.0687907
0 0.411704 0.42753 0.015185 0.0438596
0 0.345965 0.466738 0.0214535 0.0538533
