2 0.873081 0.549858 0.0478881 0.107323
2 0.414125 0.418995 0.0749515 0.0546992
0 0.660887 0.454204 0.0201626 0.0553477
3 0.821507 0.634346 0.0396129 0.051342
0 0.821046 0.607874 0.0411527 0.0840963
0 0.296105 0.426227 0.0193603 0.0403057
2 0.779338 0.334548 0.023573 0.0250466
7 0.473909 0.725651 0.258433 0.131404
2 0.48483 0.366559 0.0691035 0.0493954
3 0.820807 0.61438 0.0413914 0.0869642
0 0.817815 0.364232 0.0141553 0.0382692
0 0.881853 0.414173 0.018327 0.0516464
0 0.818753 0.373085 0.0165302 0.0550066
