2 0.416605 0.590284 0.12216 0.176138
3 0.194177 0.478023 0.033487 0.0707199
7 0.325206 0.305516 0.0711042 0.087727
3 0.687814 0.757478 0.0706324 0.0769567
0 0.294576 0.563942 0.0309271 0.0777792
3 0.690336 0.637866 0.0490247 0.0798059
3 0.856948 0.407191 0.0436604 0.0436783
3 0.243466 0.397999 0.0232967 0.054463
0 0.564532 0.483422 0.046521 0.0609541
5 0.32708 0.309145 0.0622315 0.077968
3 0.565116 0.490448 0.0495403 0.0650669
3 0.566437 0.627075 0.0444563 0.0868232
0 0.582805 0.548805 0.0419148 0.064113
3 0.781229 0.390542 0.0367379 0.0503796
0 0.6687 0.389546 0.0300137 0.0377562
3 0.293985 0.600522 0.034456 0.0744138
