5 0.186658 0.650745 0.164411 0.285303
2 0.514755 0.600113 0.106647 0.125892
2 0.608036 0.423077 0.0561451 0.0601926
2 0.557992 0.351474 0.0465941 0.0518033
2 0.643682 0.350123 0.0303009 0.0310541
0 0.752747 0.506941 0.0513836 0.14568
0 0.454935 0.509074 0.026202 0.0650007
3 0.126823 0.420432 0.0379617 0.0571413
0 0.276211 0.465505 0.0247338 0.0614818
3 0.125584 0.410781 0.0406559 0.0773129
0 0.390797 0.448728 0.0169417 0.0641914
7 0.473079 0.410436 0.0875889 0.121184
2 0.571663 0.311351 0.0283246 0.0276706
0 0.387579 0.451597 0.0229555 0.0686512
