2 0.201647 0.705213 0.195745 0.177357
2 0.458463 0.469498 0.0367768 0.0472798
2 0.50237 0.531064 0.0472839 0.0732932
2 0.39856 0.572926 0.0677769 0.11032
0 0.59134 0.736605 0.031198 0.0961503
7 0.601372 0.550218 0.0704033 0.12902
3 0.4769 0.758625 0.0677344 0.0704348
0 0.562557 0.656521 0.0252428 0.0705993
3 0.320656 0.580403 0.0236771 0.0551864
0 0.591449 0.722842 0.0302205 0.0682931
5 0.439199 0.39209 0.0423271 0.0610496
2 0.507951 0.463982 0.0316719 0.0330363
0 0.59645 0.651893 0.0254488 0.0775762
0 0.497054 0.681099 0.0289515 0.082275
