2 0.408003 0.735934 0.103677 0.119905
2 0.26067 0.744549 0.11351 0.102392
2 0.593258 0.718549 0.0989177 0.153176
2 0.376657 0.525299 0.0596732 0.0870292
0 0.513197 0.6819 0.0267177 0.0889975
2 0.572417 0.575532 0.0659337 0.103266
2 0.420024 0.440168 0.0395588 0.0566129
2 0.695021 0.646317 0.102562 0.135187
2 0.46796 0.428364 0.0351128 0.0545968
2 0.565376 0.497019 0.0501701 0.0667393
2 0.434138 0.594176 0.0876801 0.121964
0 0.346137 0.729237 0.0317164 0.111121
2 0.652286 0.536839 0.056873 0.0810506
2 0.462828 0.498868 0.042866 0.0637098
0 0.333081 0.625284 0.025386 0.0653898
0 0.367137 0.613091 0.0265318 0.0736726
2 0.504168 0.393706 0.0258652 0.0370976
7 0.651634 0.537645 0.0575966 0.0817347
