2 0.852242 0.487418 0.0874409 0.0842223
2 0.473231 0.729867 0.20078 0.129941
5 0.131879 0.400828 0.0568743 0.229808
2 0.618443 0.339786 0.0371439 0.0488993
0 0.662889 0.630097 0.0443661 0.0982062
3 0.617214 0.769284 0.0409921 0.0548023
0 0.69973 0.514629 0.0296658 0.087187
0 0.625812 0.715943 0.0460501 0.102837
0 0.607782 0.533407 0.0366804 0.0924196
0 0.619873 0.435349 0.0231011 0.0624353
3 0.701188 0.738772 0.0634023 0.113806
0 0.713181 0.608215 0.0466307 0.116137
0 0.65808 0.524298 0.0305754 0.0995389
3 0.601371 0.564107 0.0248624 0.0621121
3 0.848061 0.602745 0.0407464 0.0883893
5 0.863533 0.373753 0.0656723 0.140726
3 0.601221 0.573346 0.025832 0.0453821
