2 0.619167 0.590955 0.24496 0.162091
2 0.302259 0.472745 0.125726 0.089989
2 0.55013 0.430485 0.11746 0.081312
3 0.824066 0.591858 0.100479 0.0950356
0 0.382767 0.754954 0.0619575 0.0833537
0 0.524257 0.748753 0.0554994 0.0889835
3 0.409746 0.511876 0.0746235 0.0902789
2 0.749158 0.375785 0.0552888 0.0515635
3 0.199097 0.471766 0.0349116 0.0582702
0 0.317868 0.668169 0.049505 0.117615
3 0.135201 0.697449 0.0527633 0.108133
3 0.198674 0.457795 0.035493 0.0843517
3 0.320003 0.694885 0.0855688 0.0796163
0 0.673768 0.501542 0.0572335 0.059026
3 0.350575 0.413649 0.0503138 0.060659
0 0.393818 0.458159 0.0413984 0.0665008
3 0.649732 0.411411 0.0481635 0.0470158
0 0.19858 0.457464 0.0338358 0.0862281
