2 0.717056 0.462452 0.0982643 0.101907
2 0.772001 0.34777 0.0629198 0.0657458
2 0.547574 0.7435 0.211479 0.101579
3 0.144459 0.468385 0.0420095 0.0772445
2 0.733127 0.252054 0.0456324 0.0482206
2 0.8536 0.254427 0.0451493 0.0447249
0 0.209924 0.364778 0.0253111 0.0609019
2 0.853971 0.313828 0.0634072 0.0558152
0 0.602319 0.372601 0.0247211 0.0580848
2 0.77502 0.243645 0.0398479 0.0370089
3 0.274316 0.44843 0.0517332 0.0727113
3 0.38843 0.366776 0.0324783 0.0519872
3 0.8233 0.480648 0.0344877 0.0768476
2 0.853131 0.332239 0.0646973 0.0936113
0 0.256488 0.419312 0.0221846 0.0884503
0 0.262831 0.425038 0.0361502 0.0996986
0 0.159356 0.298167 0.0184989 0.0461974
0 0.255448 0.40283 0.0201009 0.0563885
0 0.271355 0.327278 0.0161305 0.0452333
