2 0.759413 0.503007 0.0643644 0.0937027
2 0.541066 0.53591 0.0968488 0.125206
2 0.653982 0.518935 0.0786574 0.117136
2 0.763741 0.412348 0.0506817 0.0682444
2 0.727611 0.369564 0.0321704 0.0391489
2 0.661616 0.372603 0.0386825 0.0404815
2 0.457428 0.42399 0.0351269 0.0322719
7 0.468375 0.734721 0.190231 0.115952
0 0.335816 0.654119 0.0325181 0.0719596
2 0.786289 0.375274 0.0304901 0.0365517
0 0.452826 0.560925 0.0308834 0.0733353
0 0.363443 0.522246 0.0178027 0.0646307
3 0.281358 0.672022 0.0298474 0.059842
3 0.294965 0.658645 0.0568635 0.0860385
7 0.729609 0.670306 0.165116 0.246216
