2 0.586097 0.407413 0.0321772 0.0401712
2 0.625041 0.523296 0.06072 0.0826255
2 0.47081 0.424838 0.0353159 0.0443389
2 0.557 0.525092 0.0559857 0.0815374
0 0.363911 0.715649 0.0334524 0.110579
2 0.497544 0.387556 0.0310978 0.0313703
0 0.222829 0.725578 0.0456232 0.108227
0 0.62963 0.624309 0.0248063 0.0500424
2 0.550404 0.343482 0.0190195 0.019501
2 0.536904 0.409672 0.0144237 0.0296261
3 0.638396 0.663213 0.0349262 0.0641487
3 0.333439 0.556957 0.022333 0.0634277
2 0.613921 0.366847 0.0326192 0.0207112
0 0.333082 0.544854 0.0191504 0.042593
