2 0.34518 0.442923 0.0493036 0.0590185
2 0.52045 0.502618 0.0922489 0.0953607
2 0.291357 0.403473 0.0406581 0.0462555
2 0.46077 0.360183 0.0486921 0.0355159
3 0.298082 0.535492 0.023892 0.0674643
0 0.18311 0.577035 0.0235335 0.0681594
2 0.656314 0.359767 0.062265 0.0351329
2 0.435655 0.424794 0.0328825 0.0391546
2 0.277564 0.359478 0.0224289 0.0215615
2 0.305638 0.380831 0.027869 0.0327469
2 0.880944 0.381216 0.0285105 0.0401731
0 0.298011 0.532912 0.0245179 0.0717675
2 0.556212 0.365238 0.0576821 0.0425431
3 0.428155 0.475865 0.0349893 0.0481906
2 0.440916 0.430519 0.0453803 0.0495864
2 0.379588 0.377606 0.0586396 0.0308946
2 0.258039 0.375789 0.0227995 0.0265732
0 0.173479 0.412154 0.017979 0.0415763
7 0.507606 0.340345 0.0624489 0.0452141
