2 0.549991 0.675272 0.198282 0.240914
2 0.41051 0.447417 0.0771429 0.0913404
0 0.270907 0.598616 0.0310942 0.100717
3 0.606706 0.430791 0.0480658 0.0514932
2 0.766214 0.452876 0.149511 0.0833369
7 0.399009 0.347681 0.0690614 0.100232
0 0.318686 0.672338 0.04347 0.118474
0 0.321517 0.576444 0.0334031 0.0945873
0 0.628883 0.376925 0.0162751 0.0449496
3 0.686757 0.474475 0.0569822 0.0552974
0 0.427847 0.753418 0.0507703 0.0852927
0 0.159671 0.39521 0.0188948 0.0562562
0 0.361465 0.546818 0.027931 0.0987589
0 0.356344 0.378119 0.0164364 0.0407525
2 0.411725 0.369881 0.0459601 0.0518557
0 0.334048 0.443549 0.0174972 0.053125
