2 0.621451 0.756976 0.132885 0.0777614
3 0.629255 0.456594 0.0230712 0.0498951
3 0.581937 0.473217 0.0221573 0.0517933
3 0.667704 0.526628 0.0269544 0.0653682
3 0.260767 0.572504 0.0543723 0.0503949
3 0.709963 0.576078 0.0364157 0.0472802
0 0.436649 0.478348 0.0144457 0.0540474
3 0.421085 0.409579 0.0185537 0.0388237
3 0.416502 0.643401 0.0322807 0.0728724
0 0.184199 0.568659 0.0193129 0.0559677
0 0.416408 0.602181 0.0328307 0.048449
0 0.416693 0.620221 0.034389 0.0842607
3 0.416015 0.62928 0.0332989 0.0902898
