0 0.493368 0.772287 0.0368257 0.0491112
2 0.439032 0.455283 0.0335272 0.0408992
0 0.42351 0.512594 0.0161186 0.0592479
0 0.59123 0.687414 0.0322871 0.0547679
2 0.509135 0.45309 0.054532 0.0401034
0 0.470773 0.595605 0.0224819 0.0692482
2 0.487885 0.393812 0.0252851 0.0275987
3 0.800504 0.615037 0.0430903 0.0619031
0 0.65709 0.482324 0.0205914 0.0616633
0 0.342572 0.557289 0.0150134 0.0686025
2 0.622787 0.516881 0.0776356 0.0720424
2 0.604188 0.45803 0.0506059 0.043304
0 0.691916 0.488845 0.0240858 0.0617145
0 0.469622 0.604961 0.0263946 0.0909712
1 0.863967 0.581709 0.0289421 0.0414282
0 0.74052 0.481081 0.0154076 0.0426276
