2 0.356802 0.745911 0.191699 0.0932578
7 0.511231 0.498998 0.0964015 0.156971
2 0.590396 0.388725 0.0308132 0.0327859
2 0.545614 0.363073 0.0474533 0.0296487
3 0.622786 0.615163 0.0332666 0.0653202
0 0.673363 0.519714 0.024502 0.0610217
0 0.603842 0.485379 0.0173177 0.0516061
0 0.648585 0.472155 0.0159817 0.0420891
3 0.673452 0.522373 0.0248318 0.0592954
2 0.480092 0.37194 0.0487518 0.0287983
5 0.511304 0.497789 0.0975307 0.157063
0 0.631068 0.491018 0.0180468 0.050821
2 0.61737 0.355074 0.0228288 0.0199444
7 0.43592 0.418557 0.0546173 0.0787583
3 0.630384 0.491679 0.0175592 0.0520511
