2 0.474493 0.562612 0.101148 0.111978
2 0.575829 0.434634 0.0482146 0.0479828
2 0.515093 0.365838 0.0563732 0.0280505
2 0.592777 0.362658 0.0257264 0.0301699
0 0.617118 0.476786 0.0166355 0.0512862
3 0.523436 0.772125 0.0434418 0.0485651
3 0.534277 0.64382 0.031712 0.0641573
3 0.64803 0.539159 0.0239025 0.0636244
3 0.529814 0.650878 0.0228781 0.0504481
3 0.583641 0.585957 0.0323054 0.0717267
3 0.647204 0.669253 0.0369716 0.0724819
2 0.606634 0.323796 0.0133761 0.0136648
0 0.583337 0.525682 0.031072 0.0735754
3 0.613462 0.536406 0.0233152 0.0569425
