2 0.430529 0.380351 0.0402434 0.0421819
7 0.348391 0.603641 0.139441 0.224278
0 0.483053 0.531249 0.0285417 0.0669714
3 0.122174 0.608406 0.0376958 0.077062
3 0.418572 0.757347 0.0483959 0.0580823
3 0.181605 0.633609 0.0500172 0.0993029
0 0.428357 0.699482 0.0235681 0.0672857
2 0.477365 0.3424 0.0278823 0.0246367
3 0.528084 0.647 0.0396113 0.0481532
2 0.289697 0.386617 0.0529377 0.0481495
0 0.70984 0.49306 0.0213863 0.0675701
3 0.185781 0.640659 0.0395286 0.0782739
0 0.442558 0.705006 0.0184572 0.0694431
0 0.395837 0.389504 0.0169928 0.0554035
0 0.380081 0.373743 0.0132902 0.044715
0 0.432509 0.702855 0.035913 0.072595
