2 0.267408 0.642353 0.0991561 0.19271
2 0.814105 0.536997 0.165859 0.107092
2 0.79316 0.626662 0.205759 0.163226
11 0.527001 0.368841 0.0226019 0.0406435
5 0.791121 0.626025 0.208752 0.163041
3 0.58866 0.455274 0.0294207 0.057263
0 0.839173 0.466818 0.0258236 0.0509848
2 0.814356 0.558877 0.16446 0.154238
3 0.612908 0.446682 0.0271805 0.054249
3 0.63573 0.444331 0.0221918 0.056896
2 0.579744 0.30801 0.0192226 0.0262676
11 0.526122 0.3434 0.0223907 0.0315837
2 0.32958 0.661331 0.0312407 0.104743
3 0.733096 0.47275 0.0629303 0.0630952
