3 0.291593 0.628892 0.0899737 0.113247
25 0.440044 0.303356 0.0783066 0.0380256
3 0.290597 0.750384 0.094161 0.0916317
0 0.29084 0.750442 0.093564 0.0913016
3 0.424633 0.620844 0.0586721 0.100017
3 0.501995 0.387539 0.0378603 0.0645782
3 0.498154 0.397234 0.0305185 0.046381
3 0.432397 0.393943 0.0533449 0.0433643
0 0.82024 0.540561 0.0492737 0.101409
0 0.732125 0.766562 0.0591202 0.0545419
3 0.619543 0.415563 0.0444468 0.0542944
3 0.432876 0.384961 0.0527217 0.0570611
3 0.813658 0.564393 0.0444132 0.0743334
0 0.116535 0.340083 0.0251673 0.0827496
0 0.598402 0.493815 0.0363941 0.0894629
3 0.783482 0.33325 0.0385885 0.0498266
3 0.599267 0.500612 0.0369439 0.0839541
0 0.425792 0.586536 0.0514006 0.0939489
