0 0.811727 0.512091 0.0779632 0.140129
2 0.437789 0.323536 0.0633838 0.0557455
2 0.296019 0.451929 0.0705379 0.100448
0 0.373813 0.757904 0.0444581 0.0783349
2 0.833006 0.468923 0.127897 0.167373
2 0.145036 0.394171 0.0407985 0.0240155
7 0.543895 0.350831 0.11476 0.109696
2 0.188014 0.419124 0.0540503 0.057146
2 0.677401 0.36723 0.0624409 0.0368343
0 0.617364 0.429471 0.0417126 0.0659526
3 0.354915 0.657858 0.0314904 0.0622009
0 0.188432 0.450917 0.0206459 0.035766
0 0.619345 0.443186 0.0474762 0.0938955
2 0.295007 0.375433 0.0303511 0.0403405
3 0.374422 0.757262 0.0449445 0.0795985
2 0.683816 0.370992 0.0714755 0.0444201
0 0.235045 0.498322 0.0179643 0.0422691
