2 0.65071 0.531211 0.123778 0.102428
2 0.580766 0.462024 0.117496 0.0847968
0 0.72863 0.714547 0.0456728 0.139506
0 0.842716 0.74837 0.0559837 0.0933121
3 0.815081 0.569931 0.0340194 0.0698247
3 0.607218 0.695264 0.0673515 0.105996
3 0.334467 0.485456 0.0827349 0.0878839
3 0.355025 0.640139 0.0861208 0.0773142
2 0.787318 0.413952 0.0578665 0.0534825
3 0.464829 0.649593 0.0722938 0.0923172
3 0.238691 0.726526 0.119689 0.121086
2 0.452689 0.451624 0.0490188 0.0750888
3 0.599487 0.719418 0.0532636 0.067475
0 0.816866 0.511439 0.0335817 0.0823793
