2 0.66749 0.73677 0.100546 0.111862
2 0.371693 0.678802 0.0825791 0.118929
2 0.482186 0.637464 0.0743799 0.140997
2 0.492987 0.764886 0.0985864 0.0583969
2 0.41308 0.52959 0.0531204 0.0661014
2 0.527475 0.536393 0.0454453 0.0587016
2 0.356279 0.51762 0.0507044 0.0577094
2 0.421806 0.47658 0.0471289 0.0519887
5 0.586947 0.484132 0.0635524 0.0955074
5 0.566933 0.440206 0.0476894 0.0669473
7 0.647757 0.668318 0.121419 0.198631
2 0.469781 0.569185 0.0558212 0.0950748
0 0.337942 0.762196 0.0367678 0.0679391
2 0.470768 0.549031 0.0515591 0.0550266
