2 0.195341 0.526306 0.0839363 0.0928455
3 0.191024 0.602537 0.0400646 0.0925113
2 0.838842 0.383727 0.0581161 0.0645025
0 0.75385 0.48964 0.0236246 0.0637031
2 0.88656 0.428418 0.0205952 0.0478533
7 0.635036 0.409408 0.0735781 0.0786032
2 0.342947 0.403825 0.0347418 0.0390295
7 0.473175 0.72315 0.261643 0.135994
0 0.306577 0.481208 0.0222292 0.0472636
3 0.600859 0.473155 0.0546824 0.057347
3 0.754032 0.492116 0.0244972 0.0662652
3 0.343441 0.497369 0.0236797 0.0651139
0 0.696965 0.496536 0.0254094 0.0645422
3 0.696957 0.498186 0.0258608 0.0665574
2 0.26765 0.350342 0.0216483 0.0176918
3 0.656343 0.442965 0.0201271 0.0438469
3 0.459788 0.371125 0.0187517 0.0390244
3 0.15073 0.473863 0.0428373 0.0425803
0 0.3692 0.417481 0.0157225 0.0455078
3 0.399283 0.42354 0.0184431 0.0427729
