2 0.368407 0.594933 0.109571 0.152292
2 0.534178 0.510103 0.065436 0.0822798
2 0.504276 0.430988 0.0446442 0.0588242
2 0.592938 0.434744 0.0348505 0.0494231
2 0.398904 0.766747 0.144533 0.0569245
2 0.43455 0.503814 0.0919088 0.0987769
2 0.582771 0.395214 0.0288703 0.0374008
7 0.211597 0.661228 0.214706 0.25892
2 0.530971 0.393268 0.0197493 0.0330721
0 0.558207 0.753695 0.0455757 0.0791497
0 0.551971 0.753177 0.0317461 0.0802752
2 0.42822 0.512706 0.0777677 0.0830386
2 0.435347 0.439724 0.0530337 0.0541799
2 0.582722 0.402967 0.0288426 0.0304646
7 0.583981 0.347536 0.0806326 0.0628417
0 0.700902 0.655192 0.0258684 0.0771893
