2 0.833305 0.725099 0.124163 0.137342
0 0.565326 0.734083 0.0468969 0.114956
0 0.493519 0.740215 0.038503 0.0945422
3 0.762887 0.582038 0.0687193 0.0588528
0 0.556449 0.485693 0.0227842 0.0509903
0 0.523965 0.485138 0.019369 0.0532221
3 0.315264 0.581384 0.0249813 0.0618393
3 0.568807 0.760779 0.039901 0.0676502
3 0.495395 0.768318 0.0363487 0.0591367
3 0.757517 0.572524 0.0792027 0.081025
3 0.403681 0.473992 0.0196819 0.0577626
3 0.185022 0.590119 0.0619589 0.103887
3 0.330607 0.561512 0.024894 0.0590754
3 0.526337 0.492943 0.0223522 0.0431707
