2 0.597684 0.526835 0.122541 0.126008
2 0.854619 0.464085 0.0834406 0.0734766
2 0.351325 0.390116 0.0534078 0.0568182
2 0.290496 0.410109 0.0516463 0.0606189
7 0.409723 0.351486 0.0645781 0.0793797
2 0.533911 0.747294 0.0733635 0.0943404
3 0.468531 0.434523 0.0435962 0.069296
0 0.301006 0.537761 0.0314475 0.0862511
0 0.524449 0.618484 0.048029 0.099227
0 0.401682 0.779018 0.0285014 0.0363757
2 0.846173 0.404671 0.0896653 0.0546782
0 0.733405 0.381314 0.0183595 0.0448775
0 0.326885 0.492981 0.0320407 0.0948132
0 0.324645 0.475606 0.0282885 0.057882
