2 0.862883 0.390041 0.0664932 0.0653867
2 0.395882 0.39605 0.0548115 0.0777049
5 0.598752 0.308804 0.225131 0.17766
3 0.707886 0.684258 0.0626424 0.105777
0 0.542915 0.446876 0.0274916 0.0643593
3 0.216188 0.657827 0.103058 0.0795919
0 0.415678 0.69532 0.041519 0.0749016
0 0.400566 0.55863 0.0362348 0.0796393
3 0.359476 0.470922 0.0283474 0.081613
3 0.31021 0.639967 0.088373 0.0763076
3 0.403454 0.597593 0.0428823 0.0836959
3 0.815092 0.750755 0.074628 0.0914526
0 0.457313 0.550998 0.0348316 0.0736958
3 0.515473 0.46019 0.0317787 0.06631
0 0.611983 0.567752 0.0315595 0.0702836
3 0.359405 0.483986 0.0282336 0.0557448
0 0.417171 0.712586 0.0513648 0.110449
3 0.209367 0.539692 0.0738224 0.0699436
0 0.42446 0.355738 0.0141139 0.0444746
