0 0.647585 0.712447 0.0582029 0.148829
3 0.650372 0.536972 0.0342417 0.0942299
3 0.681482 0.475634 0.0282526 0.0759078
3 0.299146 0.386662 0.032462 0.0596202
0 0.68415 0.471823 0.0279428 0.0768671
0 0.570033 0.364116 0.0196276 0.0534283
3 0.619022 0.365251 0.0172344 0.0349756
3 0.541206 0.386179 0.0194546 0.0569887
0 0.639722 0.452605 0.024942 0.0618865
0 0.705789 0.572261 0.0431097 0.0969472
0 0.691775 0.392023 0.0271646 0.0610474
3 0.703106 0.596552 0.0389217 0.0678459
0 0.687559 0.387784 0.0217653 0.0519468
3 0.679887 0.485487 0.0271828 0.0609953
