2 0.833225 0.74281 0.12379 0.102103
5 0.186239 0.460936 0.165465 0.139676
9 0.731582 0.27913 0.0144701 0.0479621
2 0.32776 0.416777 0.0830092 0.0497935
3 0.350917 0.475686 0.0446231 0.0558497
3 0.602402 0.546868 0.0249288 0.0637102
3 0.646115 0.703007 0.0379043 0.0994596
7 0.186575 0.460347 0.166268 0.138801
0 0.468186 0.380022 0.015441 0.0443238
3 0.383072 0.43929 0.0243217 0.0426946
3 0.523463 0.439643 0.0268233 0.0447664
3 0.428819 0.46737 0.0252977 0.0484073
3 0.428685 0.454793 0.0239803 0.0538401
