2 0.796238 0.70536 0.197112 0.182204
2 0.602547 0.483309 0.0652026 0.067582
2 0.86727 0.676234 0.0591375 0.108515
0 0.477389 0.660164 0.0324144 0.0830952
3 0.533066 0.63868 0.0330039 0.0665678
2 0.670265 0.48436 0.0275035 0.0513824
2 0.650706 0.456566 0.0451052 0.053761
3 0.423095 0.450539 0.0174173 0.0536608
2 0.646585 0.447982 0.0522012 0.0462234
9 0.732063 0.27731 0.0131624 0.0480726
3 0.479593 0.698116 0.0382624 0.0910943
3 0.459003 0.473173 0.0176521 0.0479583
7 0.48463 0.343771 0.0284216 0.0462758
0 0.489883 0.453175 0.0182945 0.0565534
0 0.419329 0.389102 0.0135925 0.0369872
0 0.531547 0.594564 0.0280637 0.0546863
2 0.288732 0.677861 0.137145 0.0872032
3 0.833517 0.577118 0.0489663 0.0602843
2 0.433482 0.337299 0.0249722 0.0338195
0 0.532956 0.6011 0.0326668 0.069238
3 0.733858 0.527992 0.0355271 0.064806
0 0.442097 0.391496 0.0134848 0.0390408
