2 0.776817 0.589773 0.147559 0.116473
3 0.700067 0.48432 0.0260303 0.0546143
2 0.61512 0.359551 0.0266506 0.0268778
0 0.501136 0.549312 0.0265538 0.0648546
3 0.790882 0.438681 0.0302655 0.0436263
3 0.362063 0.476356 0.0192783 0.0451238
3 0.417277 0.587188 0.0257594 0.0779708
2 0.337536 0.344346 0.0193086 0.0281838
0 0.558991 0.391129 0.0119469 0.0263823
3 0.361733 0.46647 0.0223977 0.0646261
2 0.591491 0.341196 0.0223648 0.0177289
3 0.485009 0.631866 0.0321374 0.0847425
3 0.486788 0.642805 0.0266157 0.0681139
3 0.660381 0.480424 0.025429 0.051006
0 0.674369 0.428421 0.0148439 0.0394378
