0 0.479505 0.756261 0.0506188 0.0803758
0 0.343815 0.698962 0.0398574 0.120841
0 0.322364 0.772124 0.049891 0.0486934
0 0.270781 0.575232 0.0282498 0.0608772
0 0.457454 0.607536 0.0311847 0.101272
0 0.4074 0.716429 0.0385718 0.0884111
3 0.595345 0.530171 0.0358999 0.0756435
0 0.456878 0.592945 0.0309807 0.0723348
3 0.374579 0.616258 0.031943 0.0685698
0 0.512541 0.672722 0.0385334 0.0940705
0 0.504483 0.663719 0.0233988 0.0770168
3 0.326305 0.498559 0.0195197 0.0493957
0 0.430525 0.645889 0.0377356 0.0993339
