2 0.342144 0.578309 0.110068 0.117
0 0.139937 0.695333 0.0416627 0.104852
2 0.507286 0.412022 0.0359148 0.0418646
2 0.441172 0.423752 0.0456516 0.0621139
2 0.561151 0.392862 0.0299099 0.0394439
2 0.526169 0.374769 0.032786 0.0342198
2 0.48162 0.432036 0.0193267 0.0326044
2 0.112351 0.459066 0.0175242 0.0387926
3 0.529395 0.726898 0.0340351 0.0598772
2 0.595431 0.356605 0.0253438 0.0267432
0 0.530107 0.672308 0.0295082 0.0568384
3 0.530479 0.709329 0.0362024 0.0904081
0 0.677739 0.405996 0.0150343 0.038131
