2 0.839283 0.60747 0.114492 0.127472
2 0.459319 0.444154 0.0441513 0.0718144
2 0.411792 0.38421 0.0360856 0.0470929
2 0.337355 0.57922 0.0916422 0.131639
2 0.471145 0.370455 0.0299906 0.0457982
2 0.670881 0.427923 0.0511768 0.0561767
2 0.472395 0.567518 0.0745085 0.127178
2 0.470701 0.309709 0.0224797 0.0392454
2 0.168626 0.476007 0.112807 0.106043
2 0.290862 0.333322 0.0351782 0.0364401
2 0.492097 0.776415 0.108056 0.0372785
2 0.312565 0.351378 0.0389159 0.0443603
2 0.739519 0.41894 0.0361718 0.0421998
3 0.273865 0.53167 0.0311212 0.0567629
3 0.273305 0.52077 0.031739 0.07585
2 0.400559 0.297246 0.0243031 0.0226951
2 0.732321 0.419768 0.0205692 0.0402791
2 0.369785 0.464138 0.0305968 0.0664887
2 0.423092 0.349264 0.0309926 0.0439861
