2 0.706019 0.678805 0.217263 0.228987
2 0.66253 0.434505 0.116987 0.0766254
0 0.183179 0.668486 0.0415516 0.100446
0 0.788792 0.473033 0.0261957 0.074383
3 0.545007 0.586667 0.0713922 0.0827605
0 0.704564 0.564892 0.0303997 0.0733716
2 0.14626 0.771671 0.084087 0.047388
0 0.787758 0.571014 0.0331206 0.0942676
0 0.158668 0.66882 0.039832 0.100496
2 0.853247 0.335393 0.0725682 0.0439567
0 0.787946 0.55785 0.0289438 0.0647042
2 0.864604 0.397058 0.0516779 0.0439212
3 0.446799 0.601603 0.0888105 0.0725236
2 0.15245 0.49841 0.0647479 0.0956123
