2 0.903451 0.769641 0.182238 0.199587
3 0.745056 0.769904 0.0673557 0.12178
2 0.570609 0.437555 0.0818684 0.0891785
0 0.74702 0.715517 0.0527172 0.114197
0 0.186389 0.67412 0.0495368 0.158762
0 0.695448 0.619987 0.0492618 0.115655
0 0.18142 0.703168 0.0357804 0.133777
3 0.233671 0.552685 0.0347635 0.0772229
3 0.0654276 0.845379 0.0526059 0.0507878
3 0.824735 0.786787 0.0391181 0.0898824
9 0.199695 0.249771 0.0212587 0.0787938
3 0.747181 0.786382 0.0635336 0.0890232
3 0.756749 0.511692 0.0406426 0.073578
3 0.755949 0.522429 0.0374992 0.0569901
7 0.878425 0.359874 0.108866 0.0858179
