5 0.219103 0.648423 0.229249 0.293992
5 0.587088 0.640875 0.0911402 0.251851
5 0.456858 0.687168 0.0877045 0.19219
2 0.508054 0.460491 0.0436568 0.0643055
5 0.589716 0.408249 0.0432966 0.0909601
5 0.538385 0.405568 0.039457 0.0719648
0 0.315023 0.767793 0.0380706 0.0603225
2 0.651802 0.534657 0.0696145 0.0900212
5 0.765365 0.724265 0.152941 0.137661
5 0.465907 0.546274 0.0559597 0.095412
0 0.337439 0.694433 0.0269953 0.0808252
2 0.631479 0.375333 0.0481052 0.034861
2 0.427427 0.411378 0.0347206 0.0502043
5 0.59204 0.420175 0.042035 0.0694249
2 0.586767 0.781962 0.0817853 0.0290876
