2 0.699343 0.39299 0.0671351 0.0667472
3 0.234456 0.687114 0.0908127 0.109301
3 0.660181 0.529807 0.0766958 0.0740284
3 0.860931 0.540815 0.0679745 0.08454
2 0.62023 0.365603 0.0589544 0.0614525
0 0.419524 0.704778 0.061664 0.103218
3 0.425612 0.739256 0.0911044 0.104108
3 0.565055 0.546174 0.0695521 0.0643779
3 0.61224 0.408116 0.0382126 0.0477988
0 0.421486 0.692728 0.0541646 0.0782848
0 0.228145 0.654181 0.061028 0.10759
3 0.331973 0.436097 0.044227 0.0656108
3 0.130971 0.413603 0.0320559 0.0527368
3 0.444842 0.742875 0.0557953 0.10607
0 0.668786 0.514325 0.0512007 0.0708634
0 0.751644 0.44598 0.0267141 0.0571045
0 0.517898 0.369622 0.0207781 0.0532649
3 0.206371 0.40679 0.048836 0.0684818
3 0.126381 0.411002 0.0407667 0.0601384
3 0.562406 0.531644 0.0637064 0.0753033
