0 0.822341 0.720476 0.0731532 0.147786
3 0.28412 0.570039 0.0708358 0.112448
2 0.670615 0.503184 0.1737 0.159944
3 0.211691 0.560714 0.0801105 0.106505
25 0.439205 0.306794 0.0741211 0.0395437
2 0.147083 0.398211 0.0887181 0.0777753
5 0.453734 0.643243 0.321401 0.303297
0 0.869569 0.585704 0.0510491 0.142602
0 0.297605 0.53103 0.0399972 0.087307
3 0.568858 0.372852 0.0443254 0.0486135
7 0.456421 0.643176 0.319376 0.302649
3 0.478025 0.395399 0.0563608 0.0409172
0 0.154074 0.456855 0.0627139 0.095062
0 0.250761 0.383679 0.0416453 0.0635665
0 0.226114 0.446792 0.0582045 0.0745265
3 0.718869 0.323069 0.0294979 0.047843
3 0.251725 0.386757 0.0426973 0.0586321
0 0.505077 0.354494 0.0196664 0.0538543
0 0.218814 0.526652 0.0599464 0.096951
2 0.677389 0.654859 0.223116 0.275331
3 0.164578 0.46443 0.0664971 0.0854131
7 0.675795 0.658195 0.229492 0.274529
0 0.473577 0.355398 0.0171659 0.0477176
