2 0.375482 0.601289 0.11405 0.130492
2 0.600823 0.372991 0.0344327 0.0350275
0 0.682932 0.554591 0.0250315 0.069613
3 0.448961 0.509769 0.0373785 0.0580876
3 0.137608 0.704919 0.0686376 0.13099
2 0.555679 0.37716 0.0209352 0.0197213
2 0.666522 0.346689 0.0241379 0.0249787
0 0.60107 0.438545 0.0164255 0.0441887
3 0.502408 0.469819 0.018284 0.043986
3 0.293854 0.558141 0.0555652 0.0827975
2 0.122397 0.349465 0.0341286 0.0328026
0 0.559592 0.538591 0.0221773 0.0626836
3 0.558926 0.541758 0.0233515 0.0570091
3 0.682464 0.574335 0.0233185 0.0447645
0 0.350056 0.520817 0.0243705 0.0666916
0 0.570927 0.444334 0.0195074 0.0455513
3 0.300697 0.566416 0.039487 0.0617685
0 0.75659 0.582511 0.0150765 0.0512033
