2 0.656553 0.459634 0.0861524 0.0696507
2 0.265409 0.689912 0.112463 0.20966
0 0.868155 0.422754 0.0175484 0.0540385
0 0.563823 0.452069 0.0246105 0.0549453
3 0.742862 0.479604 0.0396551 0.0638163
2 0.125292 0.439967 0.0443925 0.0580293
3 0.694196 0.513038 0.0435833 0.0709093
3 0.631248 0.507487 0.0323597 0.0730867
2 0.462378 0.378023 0.0566486 0.0663276
0 0.342761 0.4112 0.0147136 0.0434414
3 0.871087 0.520813 0.0500069 0.064639
3 0.414537 0.536888 0.0286621 0.0695253
0 0.414119 0.531148 0.0271152 0.0770926
2 0.26739 0.550992 0.091843 0.128499
2 0.246589 0.32064 0.0380959 0.0328512
2 0.580002 0.324631 0.0228098 0.0274878
2 0.393528 0.332248 0.0290549 0.0326871
7 0.462689 0.377995 0.0564117 0.0634197
3 0.815715 0.418947 0.0351015 0.0408581
7 0.146233 0.553691 0.0862608 0.179265
