2 0.211446 0.618882 0.164928 0.19493
2 0.779404 0.620687 0.146825 0.128504
2 0.371161 0.568514 0.0970839 0.1467
2 0.629288 0.433048 0.0411016 0.0431197
2 0.494953 0.442667 0.0460308 0.057706
0 0.186964 0.767407 0.0480483 0.0582694
0 0.436091 0.603442 0.0324662 0.101062
2 0.298948 0.498544 0.0903551 0.117361
2 0.387227 0.460499 0.067231 0.0633577
2 0.35509 0.710165 0.1442 0.165631
2 0.167742 0.414936 0.081878 0.0651102
2 0.454742 0.324344 0.0297861 0.0284471
2 0.16603 0.493346 0.121046 0.117551
2 0.129455 0.626871 0.0523201 0.108186
2 0.240224 0.430358 0.0703443 0.067856
2 0.431735 0.395295 0.0283424 0.0381659
3 0.838376 0.497961 0.0371045 0.0601764
2 0.227354 0.390595 0.0605208 0.0440149
2 0.120092 0.754122 0.0319317 0.0836485
2 0.287909 0.389193 0.0595221 0.0523857
2 0.510903 0.732154 0.115583 0.128372
2 0.447844 0.348183 0.0284447 0.0281092
