2 0.644923 0.360834 0.0389897 0.0439095
2 0.683901 0.370104 0.0362213 0.0332355
0 0.564572 0.681955 0.0427182 0.090894
25 0.150436 0.437519 0.0847863 0.0338803
0 0.28921 0.727517 0.064375 0.130992
7 0.52531 0.361637 0.0708861 0.0618771
3 0.84691 0.48467 0.0494061 0.0653162
0 0.351354 0.565163 0.0353053 0.0824593
25 0.196261 0.406711 0.0659717 0.0287392
3 0.271036 0.525531 0.0581077 0.0842015
3 0.316329 0.485154 0.0256951 0.0636342
0 0.445181 0.50532 0.0238209 0.072266
0 0.417876 0.365755 0.0138718 0.0317751
0 0.538853 0.414589 0.0187552 0.0494097
3 0.399251 0.566386 0.0684202 0.0718099
0 0.468898 0.430775 0.018144 0.0461764
3 0.139934 0.605157 0.0637049 0.048924
3 0.733534 0.388358 0.0198315 0.0437235
3 0.281049 0.529913 0.0380178 0.0738195
3 0.841735 0.48094 0.0590877 0.0788369
