2 0.859835 0.671607 0.0731234 0.0962573
2 0.524214 0.439638 0.0569711 0.0390471
2 0.573959 0.472274 0.0599411 0.0598478
2 0.638888 0.520475 0.0888201 0.0770111
0 0.391579 0.561586 0.0220061 0.0606196
2 0.433908 0.396175 0.0207161 0.0238504
7 0.734151 0.586045 0.130793 0.15633
2 0.604457 0.446143 0.0532068 0.0501059
0 0.533855 0.541659 0.0205428 0.0635437
0 0.505943 0.527222 0.0167385 0.057549
2 0.408292 0.394553 0.0305322 0.020284
0 0.699836 0.492263 0.0201452 0.0446409
0 0.389498 0.499767 0.0160988 0.0419623
3 0.433436 0.676346 0.024398 0.0546655
3 0.434287 0.664613 0.0242102 0.0611612
0 0.439949 0.603496 0.0256682 0.0733046
5 0.735386 0.585444 0.127992 0.153722
0 0.482342 0.481905 0.0147375 0.0473331
