2 0.179374 0.635693 0.151169 0.17997
5 0.661485 0.691355 0.360192 0.202789
2 0.556522 0.548981 0.240175 0.142048
0 0.416096 0.746076 0.0540415 0.0923388
2 0.859229 0.710647 0.0742388 0.133795
2 0.662687 0.692482 0.36152 0.20382
0 0.29729 0.699883 0.0536224 0.119381
0 0.332596 0.703107 0.0442348 0.118233
3 0.283952 0.754986 0.137257 0.079688
2 0.765235 0.306844 0.051055 0.0324099
3 0.662693 0.473069 0.0801559 0.0938935
3 0.575303 0.407861 0.066977 0.0554972
2 0.737251 0.359412 0.0489603 0.0550892
3 0.349304 0.526801 0.0616116 0.0637825
3 0.352029 0.511759 0.0547855 0.088014
