2 0.265331 0.745048 0.119584 0.0955728
2 0.406369 0.457339 0.0388467 0.0483632
2 0.467874 0.433079 0.0329241 0.0438894
2 0.493528 0.371841 0.0211758 0.026988
2 0.391609 0.363682 0.030436 0.0378197
3 0.423806 0.601708 0.0268137 0.0652417
2 0.417848 0.321102 0.0163824 0.0181988
3 0.769745 0.510666 0.0229845 0.0411714
2 0.579251 0.331204 0.0185076 0.0186449
3 0.672449 0.516106 0.0223447 0.0413192
0 0.492561 0.503803 0.0176628 0.05249
3 0.4925 0.504483 0.0186146 0.0514022
2 0.470832 0.342773 0.017914 0.0196341
2 0.672197 0.416732 0.0299981 0.0368047
