2 0.702675 0.567925 0.13797 0.112247
2 0.788291 0.720987 0.213668 0.151418
2 0.263034 0.689991 0.114901 0.211456
2 0.482602 0.485809 0.0818209 0.1174
0 0.590155 0.745683 0.0536606 0.102591
2 0.567245 0.459132 0.0755379 0.06668
2 0.580769 0.324201 0.0225865 0.0277731
0 0.368883 0.686017 0.039158 0.111648
5 0.364605 0.384048 0.0632493 0.115804
2 0.43916 0.419708 0.040904 0.059302
2 0.480208 0.752035 0.126003 0.0860606
2 0.86901 0.68808 0.0540803 0.084128
2 0.708695 0.491882 0.120636 0.0757687
2 0.872309 0.539641 0.0476417 0.101201
2 0.816539 0.407803 0.0360716 0.0512348
2 0.716612 0.502569 0.142881 0.0967221
3 0.406159 0.586434 0.0283859 0.0683251
0 0.405562 0.569093 0.0285686 0.0873309
7 0.146376 0.556668 0.0864192 0.179734
