2 0.599315 0.609512 0.0936292 0.109893
2 0.330439 0.465857 0.0492762 0.0693487
7 0.491274 0.352269 0.0773521 0.151665
2 0.392867 0.324712 0.0175672 0.0201077
3 0.723609 0.506602 0.0268329 0.0506159
5 0.491686 0.352621 0.076223 0.152573
0 0.686807 0.554393 0.0299087 0.0726075
3 0.619825 0.508751 0.0187461 0.0532764
3 0.130415 0.688721 0.0416101 0.084501
3 0.593759 0.516245 0.0219217 0.0528293
3 0.756204 0.636872 0.0596062 0.0739455
3 0.24631 0.54841 0.0204032 0.0440399
3 0.710985 0.689418 0.0463405 0.0954617
3 0.806473 0.612273 0.0444617 0.0670524
3 0.695758 0.607778 0.029257 0.0616495
0 0.818179 0.71983 0.0365284 0.0829605
3 0.811902 0.738301 0.0583774 0.104657
0 0.512019 0.778418 0.0141094 0.0341325
