3 0.334737 0.758073 0.0537494 0.0775291
0 0.348862 0.634567 0.0410559 0.0890112
0 0.206705 0.758855 0.0513351 0.0768733
2 0.496381 0.727742 0.178994 0.133367
2 0.732468 0.330705 0.0298607 0.0313382
3 0.512543 0.601739 0.0378311 0.0565751
0 0.584995 0.509687 0.0227897 0.0550524
3 0.462313 0.60881 0.044314 0.0695787
2 0.794693 0.334271 0.0245123 0.0260036
0 0.362389 0.518547 0.0214819 0.0745631
0 0.644595 0.40138 0.0149934 0.0488669
3 0.219822 0.758995 0.0777387 0.0758341
3 0.198885 0.638952 0.0675226 0.0738147
3 0.573642 0.535681 0.0325079 0.0382238
2 0.782564 0.398598 0.0155288 0.0380016
25 0.400044 0.449606 0.0498648 0.032762
3 0.517626 0.586196 0.0374333 0.0868628
3 0.576194 0.530736 0.0361972 0.0477706
0 0.335251 0.742226 0.0527611 0.107663
