2 0.397737 0.734351 0.146382 0.117108
2 0.460069 0.523245 0.0992166 0.119688
2 0.281255 0.422755 0.110032 0.0583351
2 0.559926 0.410613 0.0429011 0.0673461
7 0.679396 0.415203 0.0715378 0.122429
5 0.679057 0.415041 0.0712667 0.122227
2 0.546417 0.344969 0.0247545 0.0269947
3 0.849109 0.541287 0.0380013 0.0661131
0 0.607821 0.747232 0.0447742 0.0982665
2 0.591253 0.341399 0.0236396 0.0312095
0 0.840753 0.456199 0.0239048 0.0653978
2 0.52485 0.377987 0.0327974 0.0436941
0 0.761899 0.662831 0.0375555 0.0779231
3 0.616981 0.642527 0.0292915 0.0528782
2 0.482067 0.409687 0.0678049 0.0966071
5 0.563593 0.309663 0.042148 0.0574717
0 0.809446 0.456539 0.0194328 0.0465714
7 0.48309 0.406234 0.0685057 0.102078
0 0.574703 0.660988 0.0328726 0.0819084
3 0.548879 0.767846 0.0469556 0.0575257
0 0.570173 0.677759 0.0464 0.117456
3 0.610139 0.639617 0.0417502 0.0594366
3 0.782933 0.404311 0.0189173 0.0331032
0 0.55943 0.717195 0.0401903 0.0972007
3 0.759245 0.687597 0.0461739 0.114795
2 0.734902 0.385589 0.0444595 0.0517494
3 0.764214 0.711678 0.034973 0.0605991
0 0.566389 0.705686 0.0466213 0.0868074
3 0.760521 0.704622 0.0404913 0.074935
0 0.57289 0.656676 0.0380019 0.111173
0 0.569435 0.65955 0.0469375 0.0804126
