2 0.462118 0.492918 0.0875032 0.0870545
2 0.375654 0.49717 0.0825539 0.108123
0 0.406699 0.661686 0.0429777 0.104332
3 0.868687 0.443317 0.0448853 0.0460491
3 0.378809 0.746075 0.0402656 0.0982513
3 0.308591 0.423963 0.0318609 0.063984
3 0.562173 0.549619 0.0309441 0.0841856
3 0.699451 0.69512 0.068722 0.104169
3 0.29528 0.505587 0.0271273 0.0855166
3 0.407405 0.697039 0.0407148 0.0964684
3 0.619119 0.552078 0.0443385 0.0815098
2 0.201524 0.271894 0.0236678 0.0288645
0 0.71207 0.575204 0.0266503 0.0509693
3 0.501766 0.425796 0.0269274 0.053105
0 0.295348 0.505436 0.0278239 0.0867757
3 0.290765 0.613519 0.0342466 0.0788898
3 0.393774 0.385031 0.0204819 0.0416798
0 0.621674 0.747681 0.0735416 0.0981637
3 0.289266 0.600553 0.0357523 0.0981672
3 0.781633 0.51976 0.0334289 0.0657324
3 0.620857 0.758463 0.0767519 0.0784223
3 0.705713 0.608078 0.0537282 0.0678257
3 0.504708 0.421175 0.0319708 0.0573232
3 0.716018 0.366476 0.0336618 0.03939
3 0.810043 0.70486 0.0745056 0.0833051
