2 0.576144 0.576036 0.107804 0.144888
2 0.699618 0.557834 0.116606 0.100958
2 0.428179 0.38715 0.0392812 0.0472552
2 0.307975 0.378439 0.0306615 0.0386086
2 0.251788 0.596448 0.119039 0.158836
2 0.508142 0.393778 0.0484489 0.0495345
3 0.170869 0.591509 0.0397612 0.0842334
3 0.778326 0.543005 0.0440862 0.0711992
2 0.338132 0.307551 0.0176294 0.0172302
2 0.448202 0.35075 0.0289643 0.032335
0 0.639439 0.423634 0.0147819 0.0391542
0 0.610116 0.420909 0.0118951 0.0411569
0 0.679564 0.481528 0.0269474 0.055605
3 0.587572 0.436244 0.0182476 0.0346408
