2 0.689446 0.404834 0.0848056 0.0652406
2 0.313185 0.473935 0.149896 0.0986479
2 0.1412 0.486177 0.0765957 0.108098
3 0.647136 0.594742 0.0734081 0.0678725
2 0.738741 0.358611 0.0565117 0.0588216
3 0.490795 0.569883 0.0861577 0.0680046
0 0.578716 0.355563 0.0227499 0.054963
2 0.729066 0.311998 0.0372851 0.0276228
0 0.649107 0.560249 0.0495954 0.0726551
0 0.643138 0.56864 0.0566113 0.0894343
0 0.490526 0.530895 0.0260464 0.058812
0 0.644265 0.557209 0.0320078 0.0648609
3 0.477333 0.564315 0.0523747 0.0656433
3 0.600706 0.398125 0.0323494 0.0539054
2 0.735963 0.316441 0.0522396 0.0397493
0 0.490849 0.54506 0.0299324 0.0872403
3 0.484968 0.569455 0.0696591 0.0586208
