2 0.480253 0.432563 0.0335905 0.0456557
2 0.624721 0.530751 0.0631161 0.0889667
2 0.582596 0.426606 0.0344334 0.041943
0 0.648271 0.764899 0.0396492 0.0635854
2 0.562044 0.359817 0.0228342 0.0277463
2 0.470161 0.382269 0.0244888 0.0274613
7 0.484229 0.585012 0.0920867 0.204087
0 0.237652 0.731251 0.0342234 0.105116
0 0.238199 0.715241 0.0320652 0.0727193
3 0.341687 0.679148 0.0275433 0.0596295
3 0.303487 0.614789 0.0256278 0.0701475
3 0.347725 0.560512 0.0241228 0.0596806
2 0.635713 0.397088 0.0453594 0.0333955
0 0.341199 0.655825 0.0287329 0.0773315
3 0.302256 0.628887 0.0239525 0.0480223
0 0.783177 0.758913 0.0229254 0.0769455
3 0.563409 0.514694 0.0163458 0.0431644
