2 0.619963 0.461928 0.0887495 0.0723018
2 0.177155 0.759207 0.146253 0.0688867
2 0.739831 0.441758 0.105245 0.070793
2 0.483258 0.728811 0.141313 0.129341
2 0.456867 0.358479 0.0646824 0.0422467
0 0.582426 0.765516 0.0355003 0.0634995
0 0.719765 0.498903 0.0199396 0.0551127
2 0.878659 0.492628 0.0324361 0.0454742
0 0.502958 0.569212 0.0254226 0.0707129
3 0.28503 0.64066 0.0690994 0.0814622
9 0.827885 0.434712 0.0199871 0.0456235
2 0.686308 0.408598 0.0865147 0.0443019
2 0.265926 0.345862 0.0859456 0.0500882
3 0.416162 0.397692 0.033398 0.0361317
0 0.641967 0.760703 0.033119 0.0714955
3 0.520516 0.432197 0.0412038 0.0453301
0 0.274805 0.413249 0.0199126 0.0476305
2 0.312547 0.338532 0.0520417 0.0384312
0 0.581859 0.64845 0.0327963 0.0806215
