2 0.438321 0.548958 0.0825987 0.0974793
2 0.38932 0.462842 0.0748879 0.0808992
2 0.561503 0.475798 0.0907548 0.077417
2 0.512162 0.37997 0.0356626 0.0438158
2 0.483069 0.371927 0.0353731 0.0392291
2 0.448956 0.393495 0.0429792 0.0489457
2 0.207747 0.423913 0.107443 0.0655951
3 0.291104 0.52459 0.0273834 0.063248
0 0.477244 0.4445 0.0164809 0.0612186
3 0.202226 0.683825 0.0610434 0.136017
7 0.207677 0.423947 0.108144 0.065269
0 0.466113 0.623107 0.0317398 0.085771
3 0.186785 0.684036 0.0915283 0.138411
0 0.502198 0.563167 0.0278248 0.0911682
0 0.58426 0.418099 0.015797 0.060884
2 0.778837 0.378709 0.0322557 0.0319724
2 0.505268 0.328892 0.0304417 0.0450282
3 0.576136 0.58057 0.0288008 0.0578049
0 0.582429 0.528792 0.0285219 0.0678432
3 0.538084 0.607081 0.0292031 0.0827652
7 0.449259 0.346445 0.0649261 0.0695646
