2 0.773399 0.68357 0.117395 0.151671
2 0.845519 0.407667 0.054524 0.0531458
2 0.136592 0.685976 0.065591 0.217846
2 0.572552 0.366488 0.0651581 0.0603552
2 0.697842 0.338852 0.033846 0.0281875
3 0.304287 0.47595 0.0227682 0.0493945
7 0.473519 0.724822 0.262444 0.132744
2 0.398026 0.353818 0.0467288 0.0298695
3 0.270274 0.481319 0.0230782 0.041069
3 0.116245 0.460386 0.0239147 0.0525432
3 0.204866 0.488662 0.0269906 0.0524189
7 0.447467 0.362671 0.053982 0.0508993
2 0.724311 0.321001 0.0251755 0.0206964
3 0.197265 0.482331 0.0414235 0.0595184
2 0.44701 0.362429 0.0552842 0.049974
0 0.644352 0.410427 0.0184036 0.0389134
7 0.572076 0.367046 0.0650379 0.0610426
