2 0.306583 0.442657 0.101495 0.0659211
0 0.468832 0.749399 0.0572747 0.0957571
3 0.83975 0.461956 0.0595053 0.0545461
3 0.790307 0.562848 0.0657145 0.088918
2 0.760503 0.716615 0.256665 0.152845
3 0.666504 0.479169 0.0348981 0.0556723
2 0.824636 0.718685 0.143486 0.148187
0 0.26293 0.485031 0.0244472 0.0623458
3 0.620203 0.450226 0.0330053 0.0543878
0 0.834614 0.62571 0.0283568 0.0548751
2 0.879665 0.621144 0.0341293 0.0592949
0 0.730256 0.585746 0.025164 0.0530811
0 0.826482 0.625015 0.0433147 0.0546384
