2 0.417506 0.369324 0.0581912 0.056982
0 0.445666 0.738552 0.057843 0.114864
0 0.268828 0.475963 0.0231703 0.0773653
3 0.502951 0.40968 0.0363784 0.0526276
0 0.420815 0.468526 0.0293938 0.0809989
0 0.6195 0.610054 0.0565073 0.0911736
0 0.367325 0.488971 0.0309298 0.0879397
0 0.330441 0.684398 0.0330936 0.0770367
0 0.545049 0.713897 0.0348202 0.104035
2 0.348482 0.381989 0.0562596 0.0665278
0 0.519811 0.667652 0.0345556 0.106104
0 0.541684 0.699491 0.0413223 0.130494
3 0.579692 0.42472 0.0381031 0.0558812
3 0.367365 0.496629 0.0301584 0.0802446
0 0.799486 0.467479 0.0477873 0.0892012
3 0.630663 0.456583 0.0554773 0.0601545
0 0.354198 0.601101 0.0427413 0.106092
0 0.354001 0.588689 0.0398005 0.0792936
3 0.718657 0.450238 0.0700022 0.0629821
0 0.533214 0.692398 0.0580381 0.147517
