2 0.220089 0.675024 0.145945 0.207013
2 0.51956 0.511261 0.0796232 0.112812
2 0.575121 0.447212 0.0590261 0.0485709
2 0.824216 0.721405 0.0783139 0.096062
2 0.400836 0.364201 0.0361534 0.0403013
0 0.28172 0.515096 0.0227344 0.0687921
2 0.859996 0.650256 0.0720177 0.101011
0 0.33543 0.447723 0.014928 0.0527666
0 0.3217 0.563944 0.0243298 0.0807902
2 0.390693 0.676429 0.0668802 0.0750615
0 0.494212 0.67935 0.0399547 0.0964825
7 0.541606 0.32379 0.0574476 0.078972
0 0.405507 0.45227 0.0175749 0.0601266
2 0.661567 0.445606 0.0416059 0.0218202
