2 0.4393 0.583133 0.117206 0.140163
2 0.46718 0.478632 0.0732852 0.0763205
2 0.399556 0.405052 0.063077 0.0573408
3 0.325541 0.604194 0.0673359 0.0858196
3 0.347833 0.541879 0.0314667 0.0895576
0 0.812635 0.387567 0.0219754 0.0532326
3 0.381061 0.438057 0.0266902 0.0556829
2 0.319359 0.30647 0.0389901 0.0376764
2 0.297174 0.362111 0.05468 0.0664662
2 0.292274 0.355197 0.0642982 0.0839384
0 0.327166 0.596243 0.0442143 0.0802915
3 0.479524 0.391753 0.0227372 0.0477156
3 0.519015 0.455011 0.0275211 0.0640934
3 0.495631 0.54006 0.0406091 0.0761728
0 0.32697 0.601615 0.0634549 0.0900446
