0 0.690352 0.537081 0.0171849 0.0571034
0 0.417164 0.696778 0.040831 0.0778046
2 0.364932 0.396429 0.0343398 0.0438424
0 0.340039 0.754032 0.0362813 0.0546229
3 0.413327 0.742126 0.0574874 0.0914763
3 0.377801 0.606171 0.0357548 0.0616031
3 0.423648 0.565832 0.0340779 0.0525255
0 0.650646 0.554818 0.0316978 0.075349
3 0.759505 0.581631 0.0604671 0.0578597
3 0.424435 0.552851 0.0341332 0.0758481
0 0.381222 0.575969 0.027687 0.0589103
3 0.637954 0.640365 0.0425443 0.0829389
0 0.418388 0.706298 0.0465194 0.100938
0 0.638608 0.630264 0.0425076 0.0967916
