2 0.281074 0.420874 0.04012 0.0474021
2 0.557134 0.370996 0.053676 0.0361871
7 0.782017 0.633505 0.228194 0.308291
2 0.860643 0.37591 0.0689047 0.0372437
3 0.226771 0.749731 0.049892 0.0863604
2 0.805377 0.357151 0.0560322 0.0292769
3 0.283253 0.633456 0.037106 0.066239
0 0.320671 0.555542 0.0248969 0.0717848
3 0.156869 0.552586 0.026759 0.0667661
2 0.645876 0.36152 0.0509441 0.0250137
2 0.229795 0.347719 0.0196785 0.0275065
0 0.225819 0.713776 0.0408643 0.0821612
2 0.366408 0.411975 0.0450629 0.0436261
3 0.415826 0.531626 0.0268474 0.0684984
0 0.284992 0.59408 0.034215 0.0715319
7 0.696459 0.303899 0.106349 0.0632499
0 0.415961 0.530408 0.0266289 0.0695146
3 0.283639 0.615396 0.0381256 0.101657
2 0.83129 0.320343 0.0310566 0.024531
0 0.156805 0.547456 0.0262294 0.0709803
0 0.152894 0.440184 0.019828 0.0432305
0 0.222856 0.424606 0.0161147 0.038423
5 0.782047 0.632233 0.22872 0.311418
3 0.398273 0.438234 0.0232011 0.0349655
7 0.694289 0.313433 0.109676 0.041748
