0 0.658918 0.77233 0.060808 0.0457606
0 0.654764 0.608436 0.0626284 0.120162
0 0.373028 0.366743 0.0177426 0.0607596
0 0.406371 0.393336 0.0262552 0.0769302
0 0.45142 0.393821 0.029011 0.0747735
0 0.421607 0.350495 0.020859 0.0564496
0 0.674105 0.340444 0.0249474 0.0523007
0 0.458773 0.309719 0.0250588 0.0486061
0 0.742317 0.327282 0.0319254 0.0443252
0 0.239258 0.350658 0.0230441 0.0543006
0 0.493485 0.330398 0.0199838 0.0423768
0 0.33394 0.351433 0.0240709 0.0712225
0 0.501767 0.340777 0.0377455 0.0590662
0 0.49808 0.334914 0.032233 0.0523039
0 0.738208 0.328282 0.0251064 0.0413236
1 0.458382 0.31044 0.0274918 0.0488596
