2 0.369276 0.442081 0.174727 0.125471
2 0.177985 0.599128 0.1487 0.139116
2 0.815857 0.405483 0.12562 0.0836978
2 0.51066 0.383743 0.117383 0.0938056
2 0.832444 0.338678 0.086974 0.0684867
0 0.408859 0.572677 0.0744084 0.0896119
3 0.747832 0.517382 0.0687771 0.0712701
0 0.221337 0.688098 0.0449994 0.0588617
3 0.747911 0.528129 0.0691378 0.0515639
2 0.28021 0.238917 0.0351391 0.0321172
0 0.22796 0.6884 0.0327984 0.0569714
0 0.401195 0.358781 0.0465928 0.0507646
3 0.668349 0.341524 0.0391083 0.0546214
3 0.595159 0.337103 0.0445437 0.0681544
0 0.328753 0.372688 0.0272706 0.047319
3 0.720366 0.3423 0.0383453 0.0512386
3 0.779571 0.316158 0.0382401 0.0473397
0 0.757508 0.508865 0.0494141 0.0877102
