2 0.548792 0.437904 0.0600678 0.0606152
2 0.482938 0.369251 0.0585742 0.0493079
2 0.392261 0.429723 0.0642767 0.106662
0 0.322008 0.608474 0.0322147 0.0829851
3 0.406518 0.756944 0.0570053 0.0746218
2 0.407824 0.379299 0.0507149 0.0473209
7 0.670147 0.509988 0.135278 0.154649
3 0.413704 0.630221 0.0773387 0.0694166
0 0.397761 0.712662 0.0388234 0.0702413
0 0.407691 0.619555 0.0437859 0.0814453
2 0.407301 0.372999 0.0579778 0.057276
3 0.399262 0.748031 0.0434657 0.0917217
2 0.432533 0.429137 0.027071 0.0446632
2 0.410821 0.358145 0.0582635 0.0352351
0 0.397442 0.732562 0.0401921 0.107244
