2 0.255922 0.596254 0.262325 0.179849
2 0.440608 0.397674 0.090945 0.0587071
7 0.539795 0.383264 0.107805 0.103134
3 0.198417 0.474137 0.0656684 0.0753728
3 0.170869 0.392529 0.0458308 0.043877
0 0.492128 0.497253 0.0285273 0.0834817
3 0.276764 0.434066 0.0516012 0.0575278
3 0.123204 0.481598 0.0378488 0.07387
2 0.721628 0.360883 0.0542726 0.0452989
2 0.723496 0.31825 0.0333168 0.0359958
0 0.575667 0.590716 0.0423254 0.0840029
3 0.503456 0.606241 0.0573328 0.103356
3 0.56711 0.631798 0.051133 0.0672671
3 0.683418 0.483319 0.0220869 0.0517797
7 0.65468 0.337935 0.0730951 0.0757743
0 0.548964 0.514146 0.0288599 0.0920503
3 0.656069 0.544039 0.0359549 0.0556028
2 0.780137 0.38076 0.0221754 0.0368091
0 0.653301 0.515454 0.0444756 0.0938079
