2 0.44189 0.666935 0.0910169 0.128085
2 0.851238 0.702631 0.0905932 0.119804
2 0.338425 0.462268 0.0646976 0.064439
2 0.413912 0.469138 0.0529338 0.0600155
2 0.505293 0.409953 0.0262938 0.0273388
3 0.59817 0.698414 0.0279041 0.0654531
3 0.757349 0.534045 0.0229541 0.0357735
2 0.38457 0.370223 0.0266813 0.0450974
7 0.507261 0.499546 0.0468556 0.0974979
3 0.745695 0.621083 0.0313936 0.0701389
0 0.812597 0.72145 0.0424923 0.079453
2 0.639054 0.380113 0.0346829 0.0332136
0 0.804627 0.448741 0.0125363 0.0414652
0 0.758135 0.421378 0.0117145 0.0372048
2 0.474439 0.331612 0.0183119 0.0265301
5 0.506922 0.499296 0.0468702 0.098534
3 0.800908 0.774463 0.0462929 0.0456009
