7 0.329583 0.388479 0.190617 0.125729
7 0.714202 0.356056 0.3528 0.267578
2 0.53819 0.753456 0.215164 0.0835137
3 0.504365 0.42464 0.0505081 0.0701723
2 0.33027 0.388726 0.192498 0.124431
3 0.174484 0.444614 0.0518638 0.0787484
5 0.774907 0.280132 0.192308 0.105561
0 0.475364 0.390579 0.0287017 0.0702589
0 0.264243 0.512478 0.035463 0.0877116
0 0.478168 0.378479 0.0222002 0.0463249
0 0.173971 0.441401 0.0489775 0.0702512
3 0.118752 0.42758 0.0309319 0.0599777
0 0.861526 0.702738 0.0468277 0.0969121
3 0.471474 0.40584 0.0301024 0.0467595
3 0.276792 0.547251 0.0412124 0.0513339
