2 0.468608 0.395654 0.0352573 0.0435021
2 0.837983 0.720469 0.116495 0.141774
2 0.580409 0.403898 0.0449078 0.0432359
2 0.15214 0.424364 0.0912523 0.0664322
2 0.30787 0.380865 0.0458162 0.0326257
0 0.437517 0.553498 0.0273983 0.0743225
2 0.553151 0.36365 0.0323545 0.0291552
0 0.658256 0.431053 0.0156767 0.0680798
2 0.515648 0.500161 0.0612341 0.0870837
0 0.680515 0.441244 0.0194987 0.0434338
2 0.489937 0.338442 0.0283639 0.0261772
2 0.533002 0.344882 0.0224029 0.0288846
3 0.439917 0.561982 0.0303986 0.0675343
3 0.444728 0.575646 0.0357368 0.0446298
0 0.657589 0.442835 0.0205408 0.0518195
0 0.364107 0.59267 0.0230506 0.0475549
