2 0.719775 0.416096 0.0760313 0.062724
2 0.652676 0.488883 0.127979 0.15891
3 0.559817 0.742753 0.0679242 0.0980309
2 0.82973 0.394831 0.0558629 0.0462282
3 0.239151 0.565684 0.0760627 0.0694039
0 0.585581 0.651427 0.0605915 0.0784483
3 0.543035 0.424927 0.0343256 0.0509865
3 0.655522 0.60064 0.054081 0.0802728
3 0.333302 0.768441 0.067922 0.0555969
3 0.459665 0.760105 0.0881096 0.0732196
0 0.855645 0.755403 0.0592958 0.0832725
3 0.126743 0.572968 0.0480996 0.0824129
3 0.380774 0.511676 0.0551288 0.0657294
0 0.332818 0.348481 0.0157659 0.0453532
0 0.868765 0.754947 0.0348097 0.0813752
3 0.756 0.568527 0.0388898 0.0703674
3 0.584826 0.648543 0.063827 0.0799193
0 0.373154 0.318348 0.0124842 0.0400051
3 0.620575 0.398322 0.0281572 0.0582303
3 0.834071 0.675264 0.0301237 0.0679149
3 0.706552 0.539002 0.0370296 0.0684222
3 0.49397 0.440145 0.0406998 0.0601686
