5 0.80564 0.401454 0.179009 0.129951
2 0.174903 0.705295 0.144625 0.174198
2 0.392863 0.361501 0.0337759 0.0355815
2 0.2912 0.430381 0.0444058 0.0568418
1 0.196561 0.543796 0.0310137 0.0668071
2 0.452243 0.41708 0.0489363 0.0412315
7 0.74604 0.572928 0.178045 0.173769
2 0.358095 0.316051 0.0203314 0.0205107
3 0.242791 0.53077 0.0330276 0.075309
0 0.479043 0.629175 0.030315 0.0716455
3 0.31005 0.606951 0.0382463 0.0625916
0 0.637395 0.447843 0.0176428 0.0504324
2 0.450633 0.410016 0.0454007 0.0503815
5 0.532058 0.392637 0.0659872 0.082744
2 0.606327 0.337855 0.0290153 0.0190187
3 0.466148 0.670586 0.0601637 0.0748467
0 0.445318 0.511058 0.0214848 0.0680346
0 0.314846 0.564493 0.0217838 0.0472931
2 0.323422 0.329717 0.0203435 0.026102
0 0.591539 0.434746 0.0181984 0.0461337
2 0.317497 0.309219 0.0192428 0.0162391
3 0.444414 0.511375 0.0247398 0.0684207
0 0.241559 0.442718 0.0175749 0.0487968
2 0.385881 0.435979 0.0239604 0.0468051
0 0.593631 0.430991 0.0188955 0.051034
