2 0.829216 0.635514 0.134249 0.144668
2 0.207684 0.718202 0.208485 0.152418
7 0.702224 0.40937 0.0643421 0.102011
2 0.478314 0.615493 0.101839 0.144518
2 0.548753 0.445855 0.0575192 0.0833594
0 0.633111 0.698788 0.045763 0.105729
2 0.501866 0.407349 0.0709894 0.087796
7 0.501877 0.406469 0.0707307 0.0906237
3 0.820379 0.500594 0.0361695 0.0713581
3 0.580217 0.626795 0.0419112 0.0743806
0 0.635908 0.685092 0.0392559 0.0793785
3 0.383636 0.569357 0.028183 0.0674621
3 0.42036 0.515516 0.0246557 0.0595341
0 0.62898 0.488821 0.0254124 0.0695308
2 0.495748 0.539152 0.100438 0.143632
2 0.555838 0.334723 0.0261153 0.0331022
