2 0.489708 0.562063 0.071299 0.119599
2 0.702944 0.459299 0.0777687 0.0641468
2 0.487587 0.417099 0.037574 0.0525582
0 0.739633 0.608843 0.0286946 0.114579
2 0.858657 0.636849 0.0760645 0.0776245
0 0.752203 0.608815 0.0515265 0.117647
0 0.308751 0.57998 0.0316652 0.0914071
0 0.3766 0.639952 0.0371021 0.106617
0 0.308674 0.561158 0.028709 0.0557525
0 0.266021 0.647088 0.0372506 0.0993222
0 0.391185 0.488554 0.021487 0.0560561
0 0.291915 0.753551 0.0573755 0.0850392
0 0.375122 0.624114 0.0360546 0.0794372
