2 0.545176 0.532847 0.098477 0.0753804
2 0.741365 0.59088 0.16871 0.11477
2 0.238445 0.456213 0.0606097 0.0599016
2 0.528088 0.468904 0.0704064 0.0548715
2 0.505246 0.371465 0.0555626 0.0393745
2 0.463901 0.475179 0.0692329 0.0603861
0 0.771504 0.510128 0.0268619 0.0564274
3 0.647604 0.507368 0.0381791 0.0527775
0 0.19294 0.629848 0.0266786 0.0828307
7 0.662431 0.307938 0.0855137 0.109124
0 0.759883 0.715387 0.0244077 0.0677836
7 0.589769 0.330977 0.0532164 0.0580293
2 0.493144 0.730453 0.22121 0.119595
0 0.746387 0.715419 0.0511337 0.0697593
3 0.752768 0.757788 0.0822449 0.0725304
2 0.164247 0.778952 0.0632537 0.0338887
5 0.531565 0.729332 0.297112 0.119807
