2 0.625801 0.53757 0.126227 0.0755803
2 0.453086 0.654987 0.192082 0.161682
2 0.374835 0.526443 0.145309 0.114362
2 0.733298 0.633848 0.145458 0.125242
2 0.691059 0.474594 0.101558 0.0699752
0 0.51733 0.775872 0.041258 0.041728
0 0.312805 0.760957 0.0579019 0.0729738
3 0.822002 0.720787 0.0886639 0.118122
2 0.287248 0.333473 0.0658987 0.040922
3 0.151182 0.675697 0.0962825 0.100195
2 0.139153 0.623359 0.0703759 0.0644438
7 0.385011 0.321378 0.0833601 0.0398519
2 0.772434 0.438685 0.0686464 0.0536664
0 0.238462 0.437105 0.0302659 0.0613883
0 0.279843 0.755682 0.0337347 0.0811843
