2 0.71466 0.588026 0.147326 0.140168
2 0.407872 0.435222 0.0667828 0.0680391
2 0.601016 0.640561 0.1702 0.207903
2 0.45971 0.406613 0.0710919 0.0662392
2 0.569823 0.453936 0.0869062 0.0801877
2 0.701517 0.439945 0.123207 0.117796
0 0.317384 0.375965 0.0138937 0.0465242
2 0.553588 0.404847 0.0626682 0.0501707
0 0.269744 0.352177 0.0128164 0.0406254
3 0.319055 0.56022 0.032324 0.0688851
3 0.363428 0.489651 0.0260378 0.0734457
0 0.360539 0.324327 0.0111899 0.0334948
2 0.262344 0.283537 0.0263617 0.0219325
0 0.307857 0.327427 0.013199 0.0253309
