2 0.554246 0.699705 0.232322 0.182691
2 0.137373 0.329032 0.0699942 0.0812894
2 0.231125 0.317071 0.048984 0.0723267
3 0.674239 0.373648 0.0300087 0.0574318
0 0.557906 0.497114 0.0346146 0.0959885
3 0.251712 0.681678 0.0801694 0.108419
3 0.500145 0.405481 0.0642559 0.0612939
0 0.783752 0.522188 0.0326029 0.0788482
2 0.829488 0.326439 0.0528988 0.0465048
0 0.249293 0.648222 0.0419584 0.100447
0 0.398008 0.506466 0.0429816 0.0734399
2 0.835411 0.279439 0.0393302 0.0436222
2 0.858518 0.243209 0.0341602 0.0329603
3 0.680009 0.371982 0.0411192 0.0597153
0 0.731964 0.55537 0.0388315 0.0898851
3 0.242757 0.6882 0.0633287 0.0919429
0 0.249855 0.634395 0.0370269 0.0712008
3 0.448078 0.359721 0.044387 0.0457509
