2 0.258917 0.363624 0.123287 0.0804105
3 0.63946 0.428607 0.0375197 0.0569139
2 0.59381 0.385005 0.116619 0.0693724
3 0.570861 0.422785 0.0515009 0.0539019
3 0.69282 0.395474 0.0447554 0.0379566
3 0.675028 0.705725 0.0479515 0.0877044
0 0.674926 0.660562 0.0515517 0.116437
3 0.604277 0.672293 0.0452074 0.0895705
2 0.616583 0.315227 0.0448495 0.0566662
0 0.609331 0.625873 0.0516889 0.114482
3 0.361621 0.366786 0.0351741 0.0337334
3 0.607052 0.663591 0.0536638 0.107877
3 0.869582 0.455375 0.0529527 0.0886273
3 0.472859 0.380598 0.0648287 0.0741788
