2 0.482078 0.577565 0.187465 0.119794
2 0.13596 0.70583 0.0642618 0.129701
2 0.579638 0.466446 0.12434 0.0886155
3 0.47433 0.70761 0.0904458 0.0914071
2 0.722002 0.501846 0.135606 0.0785826
3 0.628438 0.669337 0.0698845 0.0913751
3 0.492471 0.44502 0.050709 0.0636205
0 0.52861 0.357881 0.0142561 0.0478423
0 0.481203 0.667474 0.0326153 0.0580614
0 0.628701 0.66494 0.0670495 0.0854799
3 0.234353 0.332657 0.0517505 0.0612447
3 0.696867 0.415966 0.0443932 0.0685472
3 0.800442 0.560111 0.0530605 0.0814429
0 0.736517 0.551715 0.0452596 0.0914538
0 0.481836 0.675954 0.0369888 0.0714676
