2 0.455267 0.428223 0.0329439 0.0369436
2 0.632914 0.378832 0.030979 0.0295015
2 0.627637 0.377715 0.0405483 0.0297707
3 0.529228 0.581894 0.0261116 0.0631863
3 0.345511 0.568761 0.0251545 0.0605769
2 0.406992 0.351558 0.0248367 0.0241238
3 0.794702 0.604384 0.0402045 0.047032
2 0.743229 0.476066 0.0342915 0.0419091
2 0.733658 0.472363 0.0530468 0.042646
2 0.80274 0.406605 0.0429714 0.0290157
2 0.409095 0.344926 0.0282015 0.0374976
2 0.73083 0.464603 0.0490585 0.039453
0 0.604285 0.76688 0.0204077 0.057676
3 0.346937 0.576512 0.0267816 0.0464261
0 0.528467 0.581457 0.0259039 0.0620966
3 0.868427 0.723066 0.0249302 0.0449079
2 0.742694 0.342888 0.0347934 0.0243531
0 0.586755 0.770118 0.0177408 0.0523273
2 0.80929 0.418109 0.0568722 0.0518806
3 0.822307 0.694027 0.0332078 0.0488851
