5 0.510347 0.570545 0.168571 0.268403
2 0.634806 0.583812 0.0813368 0.101253
2 0.660232 0.506587 0.0547157 0.061145
0 0.455157 0.748266 0.0437881 0.0887651
0 0.55877 0.762617 0.0309126 0.0652971
3 0.324843 0.529656 0.0440559 0.0681224
0 0.618804 0.680821 0.0346861 0.099869
0 0.660975 0.694967 0.0314762 0.0797848
0 0.765009 0.654464 0.0403645 0.0881388
11 0.213061 0.43576 0.0225536 0.0286656
0 0.71244 0.736169 0.0381953 0.11665
0 0.608938 0.763777 0.038398 0.0652042
9 0.765298 0.364921 0.0125677 0.0396417
0 0.576903 0.633805 0.0276632 0.0887825
0 0.65292 0.445915 0.0151596 0.041657
