2 0.774083 0.640816 0.11133 0.19403
2 0.782412 0.449714 0.0571241 0.0744697
2 0.645126 0.591007 0.102895 0.153615
2 0.546247 0.743595 0.139866 0.104104
2 0.578096 0.48563 0.0664724 0.0712095
2 0.691552 0.443734 0.0518931 0.0697427
2 0.307319 0.749974 0.178938 0.0963557
2 0.785225 0.371905 0.0359698 0.0581864
3 0.415622 0.577226 0.038491 0.082202
2 0.644236 0.385005 0.0356914 0.0382278
0 0.534291 0.635454 0.036503 0.0825693
0 0.559161 0.549076 0.02323 0.0688261
25 0.39961 0.454373 0.0539755 0.0417619
0 0.135645 0.726522 0.0383701 0.0623137
0 0.469389 0.497267 0.0266065 0.0592131
0 0.502431 0.503654 0.0212143 0.0635555
0 0.134138 0.743794 0.0443833 0.0990593
