2 0.529706 0.367579 0.0432118 0.0483125
2 0.700658 0.349364 0.0278059 0.0329483
2 0.576803 0.370334 0.0280962 0.0359919
2 0.591606 0.343773 0.0258441 0.0292892
0 0.419389 0.767555 0.0318886 0.057598
3 0.365854 0.495942 0.0406599 0.0640207
3 0.604259 0.620044 0.0523108 0.0893597
3 0.677731 0.60958 0.0326268 0.0511276
3 0.557859 0.648425 0.0413811 0.097546
0 0.666869 0.715533 0.0607083 0.118586
3 0.482291 0.742618 0.0456611 0.105556
3 0.482555 0.756876 0.0438421 0.0758559
3 0.417285 0.535674 0.0386467 0.0601724
0 0.681143 0.719849 0.0325716 0.121757
0 0.480928 0.738855 0.0455793 0.107036
9 0.628326 0.312461 0.0124731 0.027478
3 0.529899 0.576824 0.0570941 0.0805096
3 0.671173 0.589386 0.0432165 0.0878341
0 0.623778 0.749245 0.0529438 0.0842137
0 0.756446 0.385243 0.0151013 0.0503963
3 0.471885 0.36895 0.0152789 0.0322797
3 0.548477 0.654438 0.0583164 0.087287
0 0.525307 0.690643 0.046199 0.123547
3 0.228259 0.460664 0.0249047 0.0520555
