2 0.288538 0.712769 0.245117 0.159167
2 0.672651 0.685611 0.0822029 0.129834
0 0.173805 0.400906 0.0276849 0.0773471
7 0.622759 0.461461 0.101936 0.172436
3 0.69004 0.39317 0.0379105 0.0549647
3 0.55232 0.429874 0.0202751 0.0647759
3 0.50824 0.460426 0.0247807 0.0547283
0 0.552708 0.427514 0.0214203 0.0692121
0 0.474503 0.433149 0.0285282 0.0683053
0 0.568258 0.345915 0.0149538 0.036629
3 0.331171 0.570763 0.0520773 0.0979481
3 0.326513 0.586501 0.0558793 0.0740556
3 0.457761 0.530521 0.0355627 0.0833282
3 0.586891 0.371758 0.0210461 0.0393041
3 0.472668 0.438692 0.0279247 0.0654255
