2 0.488049 0.597241 0.107798 0.115072
2 0.733031 0.653435 0.198734 0.191753
5 0.40949 0.416502 0.121675 0.114025
0 0.282078 0.503426 0.0230313 0.0580238
5 0.491681 0.372843 0.0614147 0.0538165
2 0.310319 0.41426 0.0450743 0.042735
2 0.2639 0.384543 0.0281508 0.0299889
0 0.227489 0.491411 0.0190949 0.0588202
2 0.285276 0.400034 0.0265063 0.0477783
2 0.206115 0.406461 0.0415071 0.0473562
0 0.170382 0.635923 0.029963 0.0891434
2 0.672999 0.36384 0.0391355 0.0295042
2 0.25921 0.365031 0.0352911 0.0314832
2 0.318762 0.369903 0.0660101 0.041924
2 0.302458 0.407568 0.0575459 0.052049
2 0.285527 0.390648 0.0215854 0.0288416
2 0.194139 0.403778 0.065095 0.0457254
3 0.169384 0.652891 0.0302184 0.0670112
