5 0.734028 0.554864 0.234304 0.195532
2 0.644072 0.615336 0.150709 0.125356
2 0.52661 0.481187 0.0681938 0.0574861
3 0.370418 0.528302 0.0254312 0.061208
0 0.383371 0.658071 0.0333596 0.0781506
2 0.450942 0.466509 0.0445925 0.0510446
3 0.22973 0.521129 0.0255122 0.0588261
0 0.755368 0.748 0.066054 0.0954131
3 0.178454 0.706042 0.0498467 0.0852661
2 0.344907 0.383519 0.0268261 0.0310113
3 0.544385 0.515233 0.0285896 0.0501293
0 0.174793 0.652014 0.0290151 0.0615957
3 0.283495 0.484014 0.0185065 0.0418799
3 0.384718 0.69535 0.0354188 0.0764973
0 0.283215 0.482578 0.0181838 0.044893
