2 0.851592 0.707306 0.0944817 0.13507
2 0.441269 0.390859 0.0216048 0.0254877
3 0.834731 0.586745 0.0443299 0.0723748
0 0.310525 0.496448 0.0265555 0.0938343
0 0.354834 0.666839 0.0289481 0.0881594
7 0.63801 0.485529 0.0957441 0.100856
0 0.206449 0.729872 0.0418401 0.111531
3 0.835834 0.596394 0.0421887 0.053104
5 0.638045 0.485775 0.0957043 0.100068
0 0.303363 0.710004 0.0401506 0.103742
3 0.306024 0.739992 0.0433398 0.074158
0 0.46784 0.475179 0.0187259 0.0485817
0 0.332251 0.641602 0.030635 0.0793196
7 0.563367 0.445417 0.0500964 0.053545
5 0.495253 0.38371 0.035309 0.0486708
2 0.563583 0.445617 0.0496407 0.0525545
