5 0.557018 0.428948 0.20668 0.214168
2 0.343328 0.45388 0.155811 0.107303
2 0.44167 0.394716 0.109193 0.0801271
0 0.806365 0.451074 0.0203922 0.0672248
0 0.780431 0.447964 0.0241997 0.0586387
3 0.607253 0.571314 0.0439256 0.0605882
2 0.73531 0.365588 0.050845 0.0398917
0 0.385276 0.499455 0.0320678 0.0970364
0 0.364279 0.698563 0.0663952 0.107519
0 0.142798 0.730896 0.0578679 0.122699
0 0.383818 0.678077 0.0666402 0.132631
3 0.372254 0.733841 0.0903684 0.0883954
0 0.352437 0.692653 0.0412914 0.095234
2 0.131318 0.405703 0.0558349 0.0842233
2 0.870986 0.570438 0.0506908 0.0751957
3 0.374639 0.709832 0.0925045 0.122956
0 0.831947 0.446809 0.0198017 0.0710822
0 0.18929 0.735412 0.0551901 0.0916149
3 0.504898 0.576563 0.0539525 0.076837
3 0.391289 0.600398 0.0585445 0.0729549
