2 0.449135 0.478984 0.147927 0.105279
2 0.871563 0.383884 0.0509833 0.0722775
2 0.76436 0.38848 0.0673044 0.0723868
0 0.160656 0.543199 0.0294335 0.0753004
0 0.737488 0.706704 0.0500662 0.11796
0 0.207797 0.457692 0.0289032 0.0824736
0 0.132275 0.327864 0.0186842 0.0531699
0 0.287158 0.368254 0.0246819 0.0895889
0 0.232602 0.387692 0.0245264 0.0605748
3 0.787112 0.491937 0.0325775 0.0701595
2 0.812535 0.336216 0.0675036 0.0662135
3 0.345163 0.668607 0.0802582 0.137953
3 0.166291 0.58317 0.0499146 0.0885579
0 0.169835 0.303719 0.0199737 0.0623446
3 0.73687 0.706534 0.0546074 0.120001
3 0.326021 0.692597 0.0412262 0.0862143
2 0.888973 0.308409 0.0146477 0.0431732
0 0.357228 0.645634 0.0539003 0.109862
