2 0.187149 0.603569 0.167041 0.172956
2 0.81401 0.697582 0.161612 0.131641
2 0.810885 0.566523 0.166083 0.0849824
5 0.418595 0.414216 0.0635889 0.0816464
0 0.504506 0.539604 0.0242739 0.0757369
2 0.118867 0.582539 0.0318323 0.0724052
2 0.637189 0.654604 0.101666 0.148792
7 0.548482 0.380051 0.0881693 0.0727827
2 0.79171 0.414836 0.066805 0.0350359
0 0.548487 0.531358 0.0237105 0.0582869
0 0.517638 0.431622 0.0199364 0.0493134
3 0.632617 0.502434 0.0241113 0.0525301
3 0.305602 0.658788 0.0469535 0.0973949
2 0.853851 0.622598 0.0835549 0.0591279
0 0.441021 0.57971 0.0272389 0.0746296
0 0.633873 0.501007 0.0201748 0.0490904
0 0.531362 0.657088 0.0349647 0.0986798
3 0.529078 0.665602 0.0396326 0.0932834
