2 0.484601 0.366707 0.0302156 0.0330311
2 0.47924 0.443444 0.0531086 0.0804876
3 0.541905 0.689588 0.05193 0.112722
3 0.127599 0.642377 0.0481104 0.0894326
2 0.537756 0.363512 0.0319966 0.0349705
5 0.516857 0.474916 0.081116 0.118607
0 0.431707 0.447962 0.020086 0.0529638
0 0.583399 0.468054 0.0182885 0.0527625
3 0.356011 0.490236 0.0236303 0.0559719
2 0.516415 0.47547 0.0814502 0.117516
3 0.587713 0.523011 0.0208826 0.0577664
3 0.165824 0.588356 0.0523223 0.0709318
3 0.792017 0.509918 0.0398424 0.0686221
3 0.419134 0.496942 0.025934 0.0597297
3 0.277781 0.47432 0.0254322 0.0539695
3 0.38229 0.477712 0.0180257 0.0488854
3 0.245319 0.52729 0.0390654 0.0612262
2 0.851281 0.381682 0.0557648 0.0491957
3 0.630349 0.405159 0.0164347 0.0410074
3 0.321591 0.498792 0.0223612 0.049469
7 0.516868 0.475397 0.0807556 0.117675
