2 0.700485 0.51199 0.110674 0.122869
2 0.837136 0.410471 0.0683915 0.0778696
2 0.767668 0.36584 0.0536783 0.0680941
2 0.44064 0.688598 0.344002 0.206577
5 0.846721 0.248357 0.0490749 0.067597
0 0.746001 0.620404 0.0388507 0.0929729
0 0.68886 0.661828 0.0425352 0.111524
3 0.206578 0.693732 0.0871078 0.123165
3 0.448966 0.491377 0.0515257 0.0907568
3 0.318785 0.598611 0.0576295 0.0761386
2 0.863691 0.318206 0.0420203 0.0572767
3 0.555793 0.442397 0.0416805 0.0656609
3 0.511526 0.521187 0.0708582 0.0791429
0 0.340495 0.558291 0.0303472 0.0832909
3 0.191834 0.704764 0.0571432 0.0992275
3 0.245616 0.438365 0.0469632 0.0560274
3 0.665764 0.37451 0.0261841 0.0502207
