2 0.403475 0.391586 0.11373 0.0652228
2 0.530504 0.384397 0.110665 0.0539989
3 0.466342 0.415235 0.0563169 0.0715762
3 0.307042 0.476007 0.0409361 0.106275
3 0.551666 0.430246 0.0515042 0.0590183
2 0.682058 0.310793 0.0259356 0.0277838
2 0.612763 0.412213 0.0952504 0.0583837
3 0.297643 0.386199 0.0530775 0.0613868
0 0.708042 0.683179 0.0485877 0.133727
3 0.21735 0.376553 0.0538656 0.065469
0 0.330722 0.358541 0.0244668 0.0572563
0 0.599364 0.63311 0.0430237 0.0905923
3 0.647718 0.746752 0.0641993 0.0966517
2 0.642915 0.303136 0.0376726 0.0604344
0 0.709833 0.667372 0.0449354 0.101063
3 0.70581 0.435711 0.0494125 0.0739369
