2 0.61579 0.482091 0.0765226 0.0731352
2 0.579695 0.392967 0.0496286 0.0355115
2 0.305157 0.449782 0.051437 0.0699266
2 0.513601 0.491693 0.0849806 0.113531
2 0.401093 0.36844 0.0264776 0.0262411
0 0.34255 0.577203 0.0318852 0.0880947
0 0.251055 0.447576 0.0163921 0.0471218
2 0.341788 0.311433 0.0192075 0.0290022
0 0.435057 0.515952 0.0275427 0.0614068
3 0.250853 0.504706 0.0233 0.056178
3 0.344231 0.578564 0.0342731 0.0890713
3 0.436302 0.521383 0.0288551 0.0551814
0 0.190472 0.591974 0.0305479 0.0875659
0 0.367561 0.3771 0.0151494 0.0382205
