2 0.622001 0.322947 0.0384512 0.0301088
2 0.868336 0.365551 0.0455723 0.0466791
3 0.423396 0.375155 0.0233728 0.0386348
2 0.699517 0.311975 0.0282101 0.0299052
3 0.244587 0.434429 0.0415181 0.0584637
3 0.475186 0.375884 0.0219632 0.0375615
3 0.647325 0.460305 0.0283535 0.0496848
3 0.532324 0.365981 0.0192875 0.0361515
2 0.811472 0.35116 0.04086 0.0417789
3 0.585423 0.522832 0.027885 0.0698031
3 0.368063 0.345899 0.0521113 0.0519585
3 0.770426 0.410594 0.0191784 0.0443472
3 0.212408 0.36703 0.0439502 0.0435009
3 0.747076 0.360418 0.0210989 0.0433448
3 0.203519 0.365485 0.0343838 0.0354212
3 0.219803 0.370883 0.025979 0.0337497
0 0.770796 0.410517 0.0190658 0.0442773
3 0.704108 0.379231 0.016638 0.0343599
