3 0.532173 0.512366 0.0219918 0.0645527
3 0.368938 0.512703 0.0228703 0.0665053
2 0.432817 0.441313 0.0611955 0.0578189
3 0.314159 0.53703 0.0313087 0.0742414
3 0.435308 0.50597 0.0300358 0.0509746
0 0.607212 0.512824 0.0207844 0.0597667
3 0.607539 0.513723 0.0210337 0.0626372
0 0.56083 0.402859 0.0122207 0.0325368
3 0.197239 0.658472 0.051781 0.0783844
3 0.382992 0.448943 0.0169907 0.0462689
3 0.633482 0.399061 0.0164196 0.0344764
3 0.19389 0.662971 0.0426904 0.0637954
0 0.594082 0.373949 0.0126745 0.0333604
3 0.198355 0.644293 0.0497328 0.0799939
