2 0.408497 0.47916 0.0823126 0.082855
2 0.31339 0.426459 0.0460963 0.0555188
7 0.73597 0.476983 0.202737 0.125598
3 0.331513 0.5811 0.0268825 0.0642385
2 0.2527 0.366723 0.0270635 0.0331305
2 0.163736 0.384162 0.0362614 0.0356574
3 0.177268 0.535553 0.0270251 0.0579211
3 0.503697 0.519161 0.048786 0.0652559
3 0.322866 0.695625 0.0345652 0.0766472
3 0.248878 0.63475 0.0305823 0.0693607
3 0.179854 0.708494 0.0421637 0.0930676
0 0.468375 0.413138 0.0133926 0.0387505
0 0.176136 0.69262 0.0391185 0.0986481
2 0.637851 0.350382 0.050623 0.0237866
2 0.289565 0.378461 0.0490133 0.05449
2 0.580812 0.347598 0.0642181 0.0348667
3 0.242455 0.48928 0.0415663 0.0769594
0 0.331471 0.57128 0.0263807 0.0746372
7 0.290678 0.378937 0.052292 0.0556544
2 0.787865 0.333572 0.0276898 0.0388668
3 0.251933 0.503374 0.0216617 0.0494712
3 0.847237 0.47485 0.0364716 0.0521841
3 0.181031 0.718991 0.0413407 0.0685161
0 0.247228 0.595379 0.0297086 0.0475416
0 0.437106 0.423199 0.0178881 0.0631837
0 0.173934 0.682278 0.0350129 0.0764986
3 0.247672 0.506523 0.0273869 0.043419
