2 0.359167 0.48793 0.138425 0.0798678
2 0.211789 0.453769 0.0897298 0.0821051
2 0.543777 0.498427 0.13174 0.065975
2 0.658386 0.524126 0.117818 0.0821756
2 0.809824 0.484119 0.0791858 0.0649108
2 0.152241 0.485516 0.0987413 0.0838799
7 0.242016 0.642483 0.0912528 0.177203
2 0.20299 0.356239 0.0509873 0.042096
2 0.159765 0.410153 0.0575345 0.0661947
3 0.365789 0.683145 0.0828319 0.0874979
3 0.33521 0.542754 0.0693053 0.0653167
3 0.791325 0.762597 0.0758475 0.0682551
0 0.356042 0.678585 0.0597809 0.0979666
2 0.666875 0.477975 0.0947666 0.0503152
2 0.84802 0.560322 0.0949201 0.0987948
3 0.441571 0.611074 0.0594168 0.0687071
2 0.840119 0.467851 0.0773899 0.0593222
3 0.466819 0.683659 0.0524334 0.0926025
7 0.195585 0.628573 0.184033 0.219726
2 0.355675 0.324024 0.0609668 0.0356457
0 0.792126 0.73678 0.0226562 0.0598641
3 0.543447 0.760146 0.0507326 0.0718578
0 0.544308 0.761528 0.050007 0.0713925
3 0.462081 0.692241 0.0414193 0.0760559
2 0.536641 0.335784 0.0390182 0.0336981
