2 0.673002 0.432805 0.0772248 0.0742513
7 0.452566 0.545716 0.173549 0.248774
7 0.573193 0.364957 0.102929 0.103603
2 0.122059 0.48886 0.037664 0.0847147
2 0.709258 0.367425 0.0618842 0.0566849
2 0.168244 0.661087 0.132363 0.233292
5 0.379842 0.416407 0.178159 0.159365
7 0.381763 0.415616 0.176814 0.154461
7 0.168624 0.662758 0.132163 0.235324
2 0.753979 0.410949 0.0265537 0.0544587
0 0.248508 0.552301 0.0483456 0.0742937
7 0.709802 0.316627 0.0556885 0.0583793
2 0.638737 0.345993 0.0373484 0.0415396
0 0.248603 0.559789 0.0619461 0.0874714
