2 0.435688 0.599436 0.124805 0.157721
2 0.802671 0.56615 0.155037 0.136851
2 0.492927 0.428241 0.0715343 0.063883
2 0.376299 0.499636 0.0960821 0.124136
2 0.651669 0.470679 0.098823 0.0943353
2 0.431415 0.468026 0.0914194 0.0950289
2 0.578213 0.487487 0.128946 0.100021
5 0.593836 0.382874 0.118155 0.1037
2 0.44299 0.475375 0.0659226 0.0832825
0 0.25444 0.705985 0.047423 0.0932158
2 0.302983 0.357495 0.0412511 0.0518361
0 0.254578 0.724614 0.0494113 0.13162
2 0.755078 0.626796 0.199991 0.191581
2 0.328809 0.398757 0.049598 0.0654848
2 0.431502 0.379358 0.0488562 0.0528292
2 0.388285 0.39593 0.063873 0.0552382
2 0.280734 0.313409 0.0420095 0.0388056
0 0.52395 0.746498 0.0498274 0.0953034
2 0.393929 0.402445 0.0526393 0.0497267
2 0.56544 0.413499 0.0781805 0.0698663
3 0.414178 0.733227 0.0450581 0.0867094
0 0.8117 0.745022 0.0513839 0.101006
3 0.47359 0.773701 0.0475111 0.0461544
