2 0.20103 0.693117 0.194305 0.199071
2 0.628011 0.507706 0.115676 0.151844
2 0.377663 0.716053 0.288819 0.152761
3 0.177771 0.582598 0.0877047 0.0943094
25 0.440565 0.303585 0.0754212 0.0398699
3 0.280747 0.57314 0.0807803 0.105401
3 0.406362 0.489608 0.0808619 0.105425
3 0.786528 0.323808 0.0293464 0.0519358
3 0.505154 0.448558 0.0477497 0.0794748
3 0.464079 0.446269 0.0396177 0.0553201
3 0.336048 0.474027 0.0772542 0.0815522
3 0.396946 0.492415 0.0605959 0.0979083
0 0.277424 0.567652 0.0682717 0.112343
3 0.372209 0.381813 0.0426824 0.0489732
3 0.292892 0.578815 0.109901 0.098075
3 0.442598 0.365957 0.030389 0.0301712
3 0.557855 0.411893 0.0403869 0.0530539
0 0.274142 0.564786 0.049465 0.105655
2 0.672759 0.359698 0.160026 0.075192
3 0.613183 0.381238 0.039615 0.0605906
3 0.379252 0.383641 0.04257 0.0456556
3 0.470788 0.436267 0.0500231 0.0744574
3 0.558711 0.398515 0.0388577 0.0711639
