2 0.376027 0.411632 0.0774884 0.0442735
3 0.76072 0.686185 0.0776171 0.092152
2 0.529326 0.406546 0.0453216 0.0808749
3 0.213358 0.446421 0.0341791 0.0471928
0 0.793361 0.749756 0.0538203 0.0944114
0 0.741187 0.575962 0.0299411 0.0713595
0 0.116829 0.541629 0.0240378 0.0739438
0 0.820036 0.554988 0.0313365 0.0630265
3 0.809104 0.616288 0.0483957 0.0828999
0 0.652579 0.559902 0.0353224 0.0784971
3 0.653713 0.565864 0.0394955 0.0709554
7 0.529661 0.405423 0.0452881 0.0811915
3 0.865445 0.728222 0.0464878 0.108455
3 0.183752 0.432341 0.0307103 0.0411615
9 0.732682 0.278571 0.0139259 0.0522716
9 0.733305 0.267637 0.011799 0.0361422
3 0.290756 0.42195 0.0328145 0.0364316
