2 0.644391 0.568484 0.109227 0.11358
2 0.650802 0.75162 0.134166 0.0886008
2 0.372302 0.467523 0.073176 0.0552557
2 0.550905 0.440736 0.0377469 0.0582906
2 0.457519 0.51107 0.0634378 0.0770707
2 0.317203 0.435862 0.0647631 0.0404374
2 0.437481 0.456555 0.066614 0.0582729
0 0.174229 0.501557 0.0215712 0.077529
2 0.61749 0.430488 0.0356932 0.0394451
2 0.828945 0.385303 0.0562409 0.0318482
2 0.622686 0.383907 0.0693207 0.052395
2 0.632693 0.419536 0.0524517 0.0465793
2 0.186677 0.455829 0.087028 0.0392116
2 0.7119 0.407585 0.059817 0.0512649
0 0.175718 0.516679 0.0228278 0.0983028
2 0.546808 0.395616 0.044713 0.0331782
2 0.626385 0.426377 0.0533444 0.042118
2 0.724438 0.380564 0.0327045 0.0215093
2 0.542043 0.397333 0.053848 0.0415826
2 0.823868 0.382053 0.0669323 0.0374891
