5 0.34134 0.48498 0.171388 0.174894
2 0.235675 0.706566 0.187551 0.171129
2 0.362145 0.581143 0.112283 0.115545
2 0.467835 0.581621 0.103563 0.142081
2 0.602732 0.370134 0.0294392 0.035745
2 0.519703 0.363707 0.0276941 0.0280629
0 0.572594 0.552257 0.0258998 0.0664124
2 0.4569 0.412254 0.045142 0.0762267
5 0.456896 0.405577 0.0436109 0.0878275
3 0.669297 0.529 0.0209572 0.0547545
2 0.560345 0.36175 0.0259621 0.0296734
0 0.618234 0.489084 0.01838 0.0503634
0 0.664514 0.477795 0.015934 0.0439406
0 0.60088 0.529229 0.0211177 0.061709
0 0.62287 0.578258 0.0259726 0.0718322
