1 0.458781 0.584082 0.141152 0.125423
0 0.471892 0.662713 0.0646652 0.118394
0 0.810506 0.496501 0.0386452 0.0557388
0 0.236179 0.715568 0.102462 0.091108
1 0.785326 0.345234 0.0223919 0.0226989
0 0.243379 0.490391 0.0361805 0.0728613
0 0.32645 0.626526 0.0745032 0.0689301
0 0.148275 0.475201 0.0311255 0.0752237
0 0.175197 0.62863 0.0466571 0.0790012
0 0.118579 0.747759 0.0292391 0.0952947
1 0.807573 0.420724 0.0318253 0.0416822
0 0.693065 0.50355 0.0471567 0.0550778
1 0.862633 0.405591 0.0386541 0.0371431
1 0.660978 0.331191 0.0316331 0.0212478
