1 0.575456 0.496911 0.118814 0.11758
1 0.427642 0.487146 0.091346 0.105219
1 0.529241 0.397623 0.0712216 0.0653431
1 0.812792 0.749217 0.16875 0.0907522
1 0.358963 0.367274 0.0404118 0.0524341
1 0.627712 0.33878 0.0438607 0.0340241
1 0.39863 0.342136 0.0410663 0.0412075
1 0.248765 0.312458 0.0370876 0.0308324
1 0.859935 0.546493 0.0718548 0.100515
1 0.51242 0.351207 0.0453985 0.0394786
0 0.36679 0.615 0.0305976 0.063014
1 0.432065 0.317294 0.0340217 0.0310406
1 0.827957 0.399045 0.128561 0.0865419
