1 0.463074 0.421637 0.101979 0.0778163
1 0.229102 0.682804 0.249782 0.206081
1 0.392635 0.527625 0.151155 0.117335
1 0.555979 0.456613 0.10486 0.0733074
0 0.37383 0.726762 0.0882298 0.112582
0 0.352154 0.438204 0.0489117 0.0486645
1 0.619252 0.365986 0.0717593 0.0622588
0 0.13533 0.510178 0.0656703 0.0889261
0 0.512861 0.650262 0.0598732 0.0844966
1 0.740355 0.314102 0.0380011 0.0341178
0 0.643882 0.504045 0.0327358 0.0820636
0 0.254269 0.441733 0.0541703 0.0606087
1 0.701033 0.333047 0.0384226 0.0376515
