1 0.578258 0.492608 0.0697976 0.0795531
1 0.533959 0.606829 0.0955118 0.119465
0 0.190229 0.706535 0.0712026 0.115927
1 0.555581 0.401466 0.043629 0.0509442
0 0.271216 0.753492 0.0646405 0.091239
0 0.727349 0.434221 0.0191477 0.0459179
1 0.3309 0.331266 0.0511169 0.0292913
0 0.403983 0.608084 0.0333165 0.0726691
0 0.302616 0.664094 0.048056 0.0716749
0 0.356052 0.624722 0.0344417 0.0613291
0 0.86542 0.472658 0.032854 0.0460962
0 0.356567 0.605833 0.0360601 0.0936195
0 0.472042 0.46727 0.0192805 0.0469331
0 0.136699 0.498329 0.0616813 0.0578864
0 0.477137 0.555372 0.0277178 0.0769166
