2 0.798314 0.508008 0.195894 0.237036
1 0.391289 0.620441 0.0962437 0.145119
1 0.374056 0.737269 0.119297 0.115132
1 0.521684 0.668425 0.0999199 0.199369
1 0.136015 0.447111 0.0648881 0.0708064
1 0.30061 0.549443 0.0876855 0.104224
1 0.516224 0.547048 0.0714148 0.10279
1 0.186241 0.466995 0.0968693 0.0821207
1 0.34427 0.41721 0.0514491 0.0606891
1 0.284693 0.384712 0.0479473 0.0551306
1 0.195932 0.457307 0.0777105 0.0673118
1 0.487698 0.409467 0.0426971 0.0751464
1 0.426377 0.37246 0.0372449 0.0279337
