2 0.196455 0.674084 0.183758 0.238047
1 0.309085 0.529919 0.0852476 0.108892
1 0.31118 0.405936 0.0361926 0.0408769
1 0.755369 0.540108 0.0860906 0.0943975
1 0.685762 0.442294 0.0643002 0.0612534
1 0.250529 0.439168 0.0495352 0.0618509
3 0.554202 0.378347 0.0686038 0.0741834
3 0.784048 0.334191 0.0339742 0.051386
0 0.582656 0.643314 0.0418646 0.074123
1 0.766614 0.697637 0.124432 0.192715
1 0.389252 0.365009 0.039073 0.0367257
1 0.730991 0.320467 0.0188671 0.0209552
1 0.117447 0.497543 0.025385 0.0626925
3 0.282037 0.331806 0.0233098 0.0557671
2 0.462061 0.320878 0.11039 0.0956267
3 0.280397 0.349065 0.0220665 0.0238626
