1 0.457282 0.357212 0.0536046 0.0462496
1 0.751714 0.37666 0.0458559 0.0402196
1 0.834742 0.376777 0.0483067 0.0443264
0 0.294095 0.44405 0.0425966 0.0632215
1 0.612302 0.331199 0.0594784 0.0370961
0 0.832534 0.443384 0.0234966 0.0519644
2 0.645734 0.466994 0.113903 0.107852
3 0.689545 0.367315 0.0515018 0.0664767
0 0.276882 0.367585 0.0318895 0.0396559
1 0.488137 0.337987 0.0319667 0.0357582
0 0.654344 0.603413 0.0491665 0.0766615
0 0.495441 0.694732 0.0526239 0.105663
0 0.831301 0.608854 0.0346127 0.0569053
0 0.726625 0.548447 0.0438294 0.0740954
1 0.874997 0.34746 0.0378089 0.0465654
