2 0.473327 0.470731 0.0890865 0.118467
0 0.224641 0.61888 0.0563226 0.0805038
0 0.562693 0.497459 0.0212446 0.0643203
1 0.516873 0.332082 0.0315672 0.0344172
0 0.415183 0.412255 0.0192064 0.0378368
0 0.371165 0.44167 0.0215131 0.0618391
0 0.318781 0.481463 0.0264948 0.0675267
0 0.349149 0.494539 0.0279881 0.0652262
0 0.638427 0.543859 0.0227629 0.0778977
0 0.430075 0.724645 0.0338489 0.0723022
0 0.646795 0.450558 0.0173608 0.0551113
0 0.617065 0.413391 0.0174102 0.0353332
0 0.528475 0.54005 0.0328295 0.0751096
0 0.52688 0.552835 0.0291078 0.0544026
0 0.348801 0.504965 0.0279243 0.0490428
0 0.606418 0.481565 0.020637 0.0614257
0 0.61393 0.397029 0.0188076 0.0472122
0 0.582386 0.425475 0.016569 0.0492364
0 0.416968 0.401942 0.0213648 0.056249
0 0.606471 0.500133 0.017848 0.0263192
3 0.866351 0.265903 0.0579894 0.10102
