1 0.397201 0.506925 0.0867594 0.0961293
1 0.530695 0.519851 0.111795 0.101347
1 0.714713 0.50167 0.128006 0.0830816
1 0.41622 0.439192 0.0524218 0.0562495
3 0.860172 0.484781 0.0698483 0.0859558
1 0.354054 0.444004 0.0464452 0.0504751
1 0.450895 0.360251 0.0410883 0.0238601
1 0.822022 0.37473 0.0625181 0.0298974
1 0.39175 0.372415 0.0560528 0.0381256
1 0.750414 0.359556 0.0612831 0.034642
0 0.161328 0.502408 0.035409 0.0821125
1 0.663179 0.362671 0.0580707 0.033533
1 0.232809 0.414597 0.0653782 0.0574734
0 0.67746 0.523011 0.0524887 0.0629442
