1 0.653374 0.597725 0.124259 0.157166
1 0.519836 0.468503 0.10813 0.115702
1 0.766214 0.374416 0.0664102 0.0685177
1 0.801072 0.326955 0.0582015 0.0660042
1 0.881837 0.447959 0.0269534 0.067998
1 0.843173 0.283052 0.0423301 0.0454349
1 0.874043 0.312613 0.023827 0.0479229
0 0.593171 0.394107 0.0295295 0.0505934
1 0.193408 0.260807 0.0347145 0.0277303
0 0.638615 0.379365 0.0278465 0.0572842
1 0.736696 0.257529 0.0569061 0.048343
3 0.607982 0.301294 0.0878483 0.11442
1 0.849195 0.368421 0.0260927 0.0555646
