3 0.569743 0.513774 0.106384 0.159875
1 0.684915 0.451588 0.0443347 0.0524402
1 0.442475 0.751009 0.1598 0.0882243
1 0.611886 0.433244 0.0527292 0.0619466
1 0.69902 0.387275 0.0333459 0.0416944
1 0.600236 0.379569 0.0367692 0.0376798
1 0.837335 0.739318 0.107188 0.111274
0 0.723929 0.541184 0.0234434 0.0661952
1 0.462551 0.503667 0.0630363 0.086736
2 0.481101 0.474483 0.0994839 0.143837
3 0.481055 0.475108 0.0996706 0.144968
3 0.651244 0.703085 0.0938664 0.180948
0 0.205085 0.690222 0.0588839 0.0915696
0 0.674486 0.574911 0.0298765 0.0550663
1 0.651689 0.703288 0.094364 0.180855
1 0.638278 0.396666 0.0266674 0.0342436
0 0.200421 0.69233 0.048009 0.074103
