1 0.358203 0.625512 0.090701 0.128146
1 0.666097 0.559185 0.140699 0.102189
1 0.828613 0.682201 0.134631 0.13444
0 0.724391 0.678267 0.0719861 0.107285
1 0.336244 0.444455 0.0463432 0.0605762
1 0.258634 0.398365 0.0371404 0.0429592
0 0.62492 0.628395 0.0521536 0.0947323
1 0.638983 0.474798 0.0773913 0.0554727
1 0.411692 0.425351 0.0483638 0.0474273
1 0.30485 0.404309 0.0323957 0.0428213
1 0.534006 0.465765 0.0726698 0.0701715
1 0.476464 0.470883 0.0486409 0.0561806
0 0.279433 0.756061 0.0422851 0.079283
