1 0.155817 0.611834 0.10555 0.0856246
1 0.656797 0.399717 0.0683565 0.041731
1 0.529964 0.409299 0.0345241 0.0391183
1 0.592765 0.7105 0.106933 0.165745
2 0.648688 0.522593 0.102929 0.186758
1 0.545195 0.368866 0.0292527 0.0330885
1 0.503548 0.392987 0.024455 0.0284951
1 0.369245 0.373513 0.0814221 0.0486131
1 0.262458 0.761936 0.0973272 0.0644285
0 0.472958 0.666091 0.0354822 0.0679205
1 0.52847 0.41764 0.0373077 0.0523616
3 0.552901 0.491261 0.0607173 0.129497
0 0.304751 0.583694 0.0255235 0.0646385
1 0.761319 0.744657 0.153714 0.101064
