3 0.439982 0.60383 0.233908 0.237291
1 0.368043 0.339947 0.0417686 0.0570707
1 0.867616 0.413701 0.0555927 0.101456
1 0.867364 0.428485 0.0545005 0.0734113
0 0.422916 0.470267 0.0447565 0.0650087
0 0.322516 0.504131 0.0597234 0.0838259
0 0.24654 0.549478 0.0825985 0.079639
0 0.507645 0.472462 0.0637661 0.0582614
0 0.482998 0.771999 0.0437417 0.0513868
0 0.589472 0.436621 0.0371358 0.0550607
0 0.499405 0.471772 0.0468064 0.0517145
0 0.117268 0.526668 0.0278567 0.0641953
0 0.612182 0.704147 0.0708763 0.0848033
0 0.497327 0.766934 0.071975 0.0577669
0 0.349506 0.763293 0.0704793 0.0691037
0 0.642977 0.42498 0.0352798 0.0575949
0 0.713201 0.410904 0.0277522 0.0447399
