0 0.820611 0.484733 0.0244323 0.0591883
1 0.708012 0.328253 0.0225142 0.0239863
0 0.150237 0.723112 0.0669138 0.104532
0 0.450836 0.559677 0.0407268 0.0612073
0 0.590945 0.617563 0.0480536 0.0984965
0 0.454264 0.693536 0.0268593 0.0498498
0 0.674677 0.677524 0.0390582 0.0677329
0 0.674309 0.663776 0.0389292 0.0962365
0 0.357745 0.709321 0.0421721 0.0938791
0 0.874345 0.597129 0.044064 0.0591385
0 0.59416 0.634609 0.0428232 0.0640342
0 0.449607 0.549441 0.0416865 0.0705354
0 0.378648 0.580653 0.0280046 0.0674327
0 0.282699 0.759986 0.0817387 0.0713345
