1 0.839283 0.60747 0.114492 0.127472
1 0.459319 0.444154 0.0441513 0.0718144
1 0.411792 0.38421 0.0360856 0.0470929
1 0.337355 0.57922 0.0916422 0.131639
1 0.471145 0.370455 0.0299906 0.0457982
1 0.670881 0.427923 0.0511768 0.0561767
1 0.472395 0.567518 0.0745085 0.127178
1 0.470701 0.309709 0.0224797 0.0392454
1 0.168626 0.476007 0.112807 0.106043
1 0.290862 0.333322 0.0351782 0.0364401
1 0.492097 0.776415 0.108056 0.0372785
1 0.312565 0.351378 0.0389159 0.0443603
1 0.739519 0.41894 0.0361718 0.0421998
0 0.273865 0.53167 0.0311212 0.0567629
0 0.273305 0.52077 0.031739 0.07585
