1 0.648344 0.478324 0.0980201 0.110664
1 0.601899 0.56987 0.157406 0.158819
1 0.309173 0.702766 0.157627 0.281451
1 0.853433 0.738058 0.283691 0.257219
1 0.543918 0.443319 0.117647 0.137482
1 0.391361 0.387859 0.0497297 0.0652331
1 0.600389 0.398719 0.0661647 0.0634831
3 0.465948 0.311816 0.0627571 0.099707
1 0.390841 0.397417 0.0495303 0.0447803
0 0.706624 0.452428 0.0300687 0.0898564
0 0.232403 0.53413 0.0352929 0.0928854
3 0.543928 0.437934 0.11943 0.148505
1 0.477292 0.37917 0.0618685 0.0749216
1 0.547868 0.341755 0.0511464 0.0525127
