1 0.660714 0.522352 0.134456 0.133925
1 0.771591 0.394628 0.0736277 0.0786957
1 0.175895 0.34159 0.0617703 0.0822397
1 0.81411 0.323456 0.0568187 0.0544581
1 0.494936 0.745542 0.1867 0.0979879
1 0.739437 0.253166 0.0524572 0.0441425
0 0.594795 0.445232 0.033106 0.0765911
0 0.49558 0.436438 0.0487097 0.0781728
0 0.207013 0.499203 0.0545722 0.0868574
1 0.778145 0.266496 0.0487066 0.0485413
0 0.456614 0.571367 0.0505141 0.0838737
1 0.844126 0.261942 0.03687 0.0344644
0 0.492816 0.442243 0.0408795 0.0640552
