2 0.805753 0.400942 0.178994 0.131005
1 0.640783 0.504927 0.0957611 0.0849032
1 0.6523 0.693658 0.151548 0.184184
1 0.144997 0.739919 0.081349 0.108859
1 0.384205 0.371478 0.0367177 0.0430913
1 0.344198 0.436581 0.0428814 0.0544768
1 0.448228 0.399697 0.0461867 0.0515152
1 0.518963 0.406849 0.0511118 0.0471909
1 0.430726 0.335977 0.0230977 0.0247767
1 0.549667 0.375134 0.0321854 0.0330777
0 0.528494 0.535649 0.0257796 0.0735329
1 0.275071 0.425649 0.022013 0.0481125
1 0.228001 0.390562 0.0295897 0.0333066
0 0.462538 0.596062 0.0260637 0.0624526
0 0.505212 0.566641 0.0331627 0.0749239
1 0.398606 0.425325 0.0170136 0.039095
0 0.507117 0.559398 0.0294064 0.0563355
1 0.273849 0.436027 0.0210147 0.0276687
