0 0.257593 0.473236 0.120028 0.0863017
0 0.343456 0.608786 0.0796232 0.0845753
0 0.432228 0.737297 0.103478 0.093821
1 0.674094 0.368352 0.0719221 0.0553763
0 0.738617 0.558788 0.0359691 0.0800405
0 0.229846 0.762443 0.115132 0.0663803
0 0.431497 0.415025 0.0409866 0.0532322
0 0.615474 0.673988 0.0660385 0.0903478
0 0.484675 0.630454 0.0704699 0.108944
0 0.373541 0.448307 0.0486806 0.0486386
0 0.818804 0.414606 0.0311973 0.0518238
0 0.576643 0.499717 0.0406531 0.0790741
1 0.861017 0.294953 0.0308521 0.0255347
0 0.16246 0.395266 0.0249965 0.0555313
0 0.662644 0.556554 0.0390602 0.0796857
