1 0.709234 0.738217 0.199406 0.113287
0 0.51956 0.752291 0.0513054 0.0869637
0 0.761654 0.58173 0.0644482 0.0580577
0 0.429725 0.618587 0.0328243 0.0650584
0 0.568684 0.524485 0.0297958 0.0636484
0 0.315859 0.581366 0.0282027 0.0647916
0 0.483624 0.641416 0.0336165 0.0896476
0 0.517659 0.764319 0.0430296 0.0636021
0 0.525882 0.461001 0.0210811 0.051403
0 0.755658 0.568573 0.0776438 0.0870345
0 0.569406 0.542051 0.031599 0.0309193
0 0.485118 0.656915 0.0354975 0.0631133
0 0.323147 0.577895 0.0368888 0.0691655
