1 0.178191 0.457459 0.107413 0.0887473
1 0.788275 0.555742 0.14795 0.126388
1 0.675941 0.430659 0.0623849 0.0651456
1 0.349816 0.577716 0.0983855 0.142389
1 0.140922 0.42767 0.0749095 0.0649215
1 0.372254 0.474685 0.0615758 0.0786793
2 0.48776 0.584315 0.11695 0.338966
1 0.26971 0.378945 0.0758892 0.0828377
1 0.320232 0.352081 0.0347127 0.038158
1 0.395501 0.420002 0.0501011 0.079576
1 0.477436 0.392731 0.0440389 0.042333
0 0.377758 0.761746 0.0494868 0.0692288
1 0.444627 0.312057 0.0223317 0.0254189
