1 0.587636 0.590116 0.136301 0.151807
1 0.809268 0.683241 0.173257 0.21276
1 0.335856 0.42042 0.0614616 0.0713842
1 0.437698 0.462021 0.0799181 0.0770359
1 0.798404 0.50049 0.11809 0.105688
1 0.769782 0.540954 0.159085 0.129743
3 0.549189 0.430485 0.112607 0.157069
1 0.42307 0.370922 0.0482337 0.0483396
1 0.367677 0.375579 0.0561337 0.0513147
1 0.270727 0.345766 0.0350972 0.0320563
1 0.34734 0.314107 0.0379509 0.0321736
1 0.384115 0.341608 0.0392079 0.0431693
1 0.268433 0.336388 0.0396003 0.048827
1 0.485251 0.368886 0.0536086 0.0546329
1 0.609927 0.39843 0.0435718 0.05098
1 0.3225 0.279326 0.0422792 0.0375717
1 0.654418 0.753285 0.0779677 0.084058
