1 0.702969 0.585929 0.13925 0.124492
1 0.774071 0.558448 0.161184 0.146611
1 0.411386 0.432289 0.0705353 0.0701281
1 0.546098 0.535235 0.12506 0.121651
1 0.650267 0.476694 0.102822 0.0938238
1 0.859721 0.566441 0.0723343 0.103989
1 0.756059 0.47176 0.129453 0.100735
1 0.371647 0.383028 0.0496271 0.0535972
1 0.552063 0.412921 0.0666084 0.0627357
1 0.642652 0.422673 0.0785796 0.0584916
1 0.332912 0.354372 0.0433421 0.0396587
1 0.689327 0.6971 0.245256 0.195905
0 0.237626 0.495793 0.0265633 0.0603296
