1 0.180335 0.559821 0.13547 0.0943571
1 0.655058 0.426589 0.0554572 0.0490255
1 0.758824 0.458001 0.0704027 0.0712058
1 0.847524 0.435095 0.0667955 0.0680593
1 0.468903 0.373603 0.0478007 0.034793
2 0.865916 0.574534 0.0604477 0.216513
1 0.646954 0.354949 0.0323424 0.0413688
0 0.182382 0.441693 0.0227327 0.0490429
1 0.268504 0.378923 0.0435396 0.0495294
1 0.24802 0.445641 0.062979 0.0774244
0 0.315579 0.494746 0.0394992 0.0601524
1 0.26858 0.369949 0.0417421 0.0389401
3 0.654425 0.351175 0.0457655 0.0486371
3 0.473623 0.725262 0.259054 0.131356
0 0.383589 0.485157 0.0255006 0.0617034
3 0.763434 0.315872 0.0247542 0.0415647
0 0.31447 0.49897 0.0336396 0.0485416
