1 0.261397 0.462988 0.0723608 0.0866413
1 0.668121 0.5583 0.146252 0.139999
1 0.522022 0.551934 0.124444 0.121501
1 0.434629 0.463336 0.0890971 0.102799
1 0.551652 0.455615 0.113111 0.0886581
1 0.479963 0.671239 0.16259 0.232659
1 0.416535 0.357437 0.0408473 0.0386468
1 0.772919 0.564585 0.152296 0.124648
1 0.385698 0.399704 0.0513004 0.0556734
1 0.385121 0.389459 0.0510477 0.0386539
3 0.485053 0.346425 0.0403885 0.0685566
0 0.782947 0.623532 0.0374762 0.0629607
1 0.402054 0.327947 0.0318479 0.0230812
