2 0.80564 0.401454 0.179009 0.129951
1 0.174903 0.705295 0.144625 0.174198
1 0.392863 0.361501 0.0337759 0.0355815
1 0.2912 0.430381 0.0444058 0.0568418
0 0.196561 0.543796 0.0310137 0.0668071
1 0.452243 0.41708 0.0489363 0.0412315
3 0.74604 0.572928 0.178045 0.173769
1 0.358095 0.316051 0.0203314 0.0205107
0 0.242791 0.53077 0.0330276 0.075309
0 0.31005 0.606951 0.0382463 0.0625916
1 0.450633 0.410016 0.0454007 0.0503815
2 0.532058 0.392637 0.0659872 0.082744
1 0.606327 0.337855 0.0290153 0.0190187
0 0.466148 0.670586 0.0601637 0.0748467
1 0.323422 0.329717 0.0203435 0.026102
1 0.317497 0.309219 0.0192428 0.0162391
0 0.444414 0.511375 0.0247398 0.0684207
1 0.385881 0.435979 0.0239604 0.0468051
