1 0.1411 0.475296 0.0735471 0.0861859
1 0.411589 0.4308 0.0676595 0.0608628
1 0.206724 0.395987 0.037113 0.0335502
1 0.64561 0.349719 0.0405568 0.0332425
0 0.851257 0.604112 0.0601376 0.0906241
0 0.129844 0.592145 0.0451692 0.0880771
0 0.211083 0.55856 0.0337722 0.0709514
0 0.704497 0.473157 0.0224798 0.0565211
0 0.284469 0.538747 0.0265799 0.0674563
0 0.782113 0.547187 0.0334579 0.0665392
3 0.473425 0.724116 0.26052 0.135797
1 0.746107 0.320481 0.0238836 0.023303
0 0.712228 0.566445 0.0294684 0.0825039
