1 0.573745 0.476334 0.117795 0.0942913
1 0.250576 0.614473 0.296663 0.218361
2 0.198756 0.44248 0.189232 0.21334
1 0.704865 0.426077 0.0846835 0.0671788
3 0.586252 0.3606 0.158532 0.134469
1 0.775655 0.328764 0.0456433 0.0353496
0 0.533089 0.663234 0.0702957 0.0948466
0 0.454947 0.628933 0.0717747 0.0936518
0 0.680912 0.691507 0.0573589 0.0916094
0 0.631977 0.555399 0.0450922 0.0999327
0 0.692171 0.51698 0.0427496 0.0860647
0 0.418462 0.408459 0.0402015 0.0580217
0 0.221313 0.762097 0.0855172 0.0700714
