1 0.539676 0.433499 0.0808242 0.0672094
1 0.395307 0.397345 0.092711 0.0692586
1 0.345756 0.343163 0.0322529 0.0374416
1 0.481882 0.379046 0.0517015 0.0444974
1 0.724123 0.559433 0.152438 0.126794
3 0.548379 0.348527 0.0911439 0.0972485
1 0.455688 0.349697 0.0407924 0.0353356
0 0.381805 0.479857 0.0242043 0.0607498
0 0.826499 0.574033 0.0613931 0.0809366
0 0.513261 0.631348 0.0365046 0.0807982
0 0.416542 0.621185 0.0322614 0.0680419
0 0.673026 0.464945 0.0321558 0.0635814
0 0.272956 0.430457 0.0183936 0.0458281
