1 0.488073 0.73931 0.179662 0.106124
1 0.634902 0.324099 0.0483314 0.0513383
0 0.723411 0.435291 0.0557049 0.0708767
0 0.529928 0.640089 0.0386994 0.0689747
0 0.638103 0.433115 0.0568525 0.0662093
0 0.40916 0.408841 0.0534947 0.0440494
0 0.342467 0.362746 0.0487304 0.0462127
0 0.263995 0.339607 0.0439748 0.0487893
0 0.632123 0.758307 0.0629684 0.078439
0 0.631601 0.771557 0.0629934 0.0511245
0 0.442355 0.497685 0.0568634 0.103489
0 0.488583 0.41794 0.0696759 0.072421
0 0.580113 0.421671 0.0737214 0.0633321
0 0.478766 0.418814 0.0515982 0.0665331
0 0.59372 0.333853 0.0272457 0.0412304
