1 0.671226 0.574115 0.0788609 0.107954
1 0.753331 0.388736 0.03213 0.0332956
2 0.705115 0.459559 0.0653764 0.108791
0 0.180931 0.677313 0.0632103 0.0832331
1 0.621751 0.369939 0.0702149 0.0441765
3 0.621845 0.369286 0.0715822 0.0455741
0 0.251142 0.759911 0.0653841 0.0706019
0 0.496935 0.685176 0.0416441 0.0766386
1 0.791259 0.373049 0.0278585 0.0300902
0 0.54795 0.559345 0.0218834 0.0589874
0 0.524966 0.589785 0.0292933 0.0612779
0 0.451721 0.679386 0.027443 0.0684529
0 0.546665 0.705769 0.0345299 0.0828524
0 0.371727 0.722696 0.0503221 0.083174
0 0.608817 0.549354 0.0204363 0.0616522
0 0.608002 0.560117 0.0200629 0.0492823
0 0.40433 0.752968 0.0624221 0.0891095
0 0.372479 0.705656 0.0508431 0.113135
0 0.454718 0.664716 0.0321705 0.0852656
