1 0.85466 0.749121 0.079816 0.0906265
1 0.616099 0.455898 0.0690243 0.0844807
1 0.854799 0.727497 0.0807083 0.133002
1 0.470463 0.354317 0.0278236 0.0286077
0 0.394026 0.444971 0.022867 0.0572635
0 0.437131 0.770159 0.0370064 0.0559758
0 0.622681 0.558925 0.0382427 0.0515846
0 0.743451 0.489216 0.0281056 0.0497264
0 0.621544 0.547382 0.0391798 0.068227
1 0.291775 0.678118 0.143564 0.0892748
0 0.491327 0.427234 0.0172126 0.0455968
0 0.420136 0.63626 0.0359532 0.0838155
0 0.458617 0.566665 0.0268802 0.0574731
