2 0.529332 0.468558 0.1407 0.123733
1 0.442367 0.645925 0.099582 0.149537
1 0.645522 0.570969 0.105565 0.0890178
1 0.412002 0.469706 0.0535913 0.0727704
1 0.440324 0.378686 0.031528 0.0346991
1 0.682586 0.533635 0.0932819 0.0725574
1 0.638441 0.757462 0.134296 0.0787858
1 0.866425 0.765266 0.0583065 0.0596514
1 0.392779 0.364292 0.0250962 0.0330445
0 0.27879 0.600681 0.0245427 0.0678494
0 0.307985 0.77184 0.0431929 0.0521828
0 0.308398 0.755255 0.0428671 0.0862315
0 0.320339 0.60717 0.0260299 0.0463196
1 0.390929 0.357908 0.0249038 0.0369051
0 0.313774 0.506638 0.0179433 0.0582749
0 0.319571 0.594006 0.0269875 0.0689845
0 0.355772 0.704603 0.0336395 0.0818412
