1 0.650182 0.481871 0.0578804 0.0605349
1 0.262713 0.549265 0.0872293 0.0920977
1 0.516648 0.483714 0.0406615 0.0517162
1 0.385224 0.465508 0.0437963 0.0570181
1 0.388345 0.3689 0.0274529 0.027995
1 0.410881 0.340441 0.0244388 0.0305257
1 0.584534 0.387859 0.0245021 0.0283508
0 0.851809 0.674352 0.0406117 0.0573988
1 0.633692 0.380203 0.030245 0.0293982
0 0.729207 0.602154 0.02726 0.0330882
1 0.33871 0.440259 0.0387106 0.0475323
1 0.68519 0.567403 0.0266851 0.0578886
0 0.685456 0.569837 0.0278339 0.0597213
