1 0.441145 0.573729 0.127416 0.11903
1 0.345581 0.530208 0.119943 0.0966588
1 0.66894 0.417218 0.0697283 0.0626744
1 0.87199 0.364318 0.0482419 0.0571344
1 0.412931 0.34776 0.083409 0.0593474
0 0.308521 0.458322 0.0447922 0.0716338
1 0.701517 0.3752 0.0526222 0.0453232
0 0.262245 0.432897 0.0449443 0.0726475
0 0.297869 0.621097 0.0657917 0.086785
0 0.514877 0.761034 0.0547064 0.068679
0 0.411787 0.46199 0.0352463 0.066839
3 0.64843 0.312528 0.0531168 0.0511855
1 0.231882 0.344973 0.0669351 0.0461956
1 0.740767 0.362206 0.0326778 0.0292143
0 0.133732 0.371548 0.0380613 0.0453097
0 0.1759 0.387708 0.0427782 0.0387868
3 0.800033 0.3571 0.0477777 0.0504424
