1 0.756489 0.379189 0.0523643 0.0433836
0 0.332131 0.443624 0.0319077 0.0533188
1 0.841717 0.387435 0.0579907 0.0458773
1 0.802363 0.353837 0.0410212 0.0420719
0 0.834518 0.460938 0.0286163 0.0615166
0 0.160252 0.363671 0.0412946 0.0454038
0 0.650775 0.604995 0.0541712 0.0519852
1 0.708345 0.301703 0.0307611 0.0307808
0 0.855575 0.536201 0.0331138 0.0635239
0 0.536745 0.440627 0.0272627 0.043242
1 0.618659 0.323086 0.043941 0.0301022
0 0.793567 0.438787 0.0253433 0.0496906
0 0.649405 0.594196 0.0538429 0.0714552
1 0.871017 0.34182 0.0503804 0.0627924
1 0.748467 0.285417 0.0288904 0.021109
0 0.545169 0.439502 0.0428284 0.0449549
0 0.235413 0.372844 0.0382218 0.0352538
0 0.717231 0.378288 0.0185129 0.0456644
0 0.630036 0.563343 0.0499477 0.0507515
0 0.753712 0.555752 0.0376405 0.0658064
0 0.640765 0.600688 0.0358711 0.0600991
0 0.241102 0.778635 0.0638789 0.0357927
