1 0.630782 0.617617 0.161951 0.178354
1 0.82377 0.583722 0.144156 0.153147
1 0.490983 0.492498 0.102364 0.117329
1 0.691475 0.557839 0.148289 0.144975
1 0.413913 0.424066 0.0613672 0.0658946
2 0.667502 0.437463 0.171596 0.153923
1 0.308904 0.41393 0.0543044 0.0547256
0 0.760321 0.687522 0.0636292 0.118905
1 0.385062 0.378894 0.0579746 0.0514841
0 0.376959 0.666586 0.0379899 0.0875895
1 0.538722 0.407135 0.0824774 0.064584
1 0.339087 0.346968 0.0406219 0.0463394
1 0.245155 0.307141 0.0479842 0.0423985
1 0.582339 0.376059 0.0746506 0.0739607
1 0.305935 0.403505 0.0588153 0.0725598
1 0.514394 0.356197 0.054496 0.0436816
