0 0.460939 0.602705 0.027767 0.098449
2 0.611005 0.346523 0.030952 0.026718
0 0.565524 0.742578 0.0427633 0.107676
0 0.464311 0.50166 0.0230141 0.0653089
0 0.409308 0.572953 0.0258356 0.0854678
3 0.734055 0.608275 0.0487709 0.0897185
0 0.48864 0.469397 0.0170305 0.0510605
0 0.385083 0.432098 0.0154537 0.0451779
3 0.806615 0.56521 0.0456084 0.0652661
3 0.657651 0.491657 0.0293347 0.0600229
0 0.348571 0.415382 0.0169496 0.0518609
3 0.408858 0.579248 0.026005 0.0802034
0 0.657004 0.487271 0.0243202 0.0529854
2 0.554126 0.363848 0.0539692 0.0310968
0 0.291186 0.373793 0.013985 0.0378729
3 0.460958 0.624767 0.0263766 0.0607659
0 0.81429 0.539037 0.0200516 0.0448843
