2 0.706817 0.588966 0.0952573 0.109954
2 0.460232 0.442679 0.0403508 0.0491448
2 0.416278 0.408867 0.0321942 0.0522628
0 0.516836 0.4765 0.0174345 0.0570948
0 0.292916 0.430335 0.0153469 0.0485654
3 0.642767 0.441221 0.0260432 0.053365
2 0.43641 0.375331 0.0314788 0.0370099
3 0.223475 0.534035 0.0276128 0.057681
3 0.201314 0.625334 0.0438344 0.0818282
3 0.20009 0.641679 0.0467878 0.0885283
0 0.326868 0.419241 0.0128849 0.0409183
0 0.338602 0.514032 0.0233078 0.0706089
3 0.264109 0.496982 0.0190824 0.0463822
