2 0.573745 0.476334 0.117795 0.0942913
2 0.250576 0.614473 0.296663 0.218361
5 0.198756 0.44248 0.189232 0.21334
2 0.704865 0.426077 0.0846835 0.0671788
7 0.586252 0.3606 0.158532 0.134469
2 0.775655 0.328764 0.0456433 0.0353496
0 0.68476 0.644189 0.0514944 0.0940471
3 0.533089 0.663234 0.0702957 0.0948466
3 0.454947 0.628933 0.0717747 0.0936518
3 0.680912 0.691507 0.0573589 0.0916094
3 0.631977 0.555399 0.0450922 0.0999327
3 0.692171 0.51698 0.0427496 0.0860647
3 0.418462 0.408459 0.0402015 0.0580217
0 0.45925 0.587672 0.0483826 0.0885247
3 0.221313 0.762097 0.0855172 0.0700714
0 0.551571 0.56301 0.0427788 0.0888973
0 0.220971 0.760966 0.0867373 0.0717721
0 0.456284 0.577341 0.0382681 0.0666239
3 0.745444 0.547904 0.0426015 0.0932451
0 0.798528 0.424476 0.0319401 0.0572803
0 0.820176 0.465071 0.0267479 0.0689446
3 0.739928 0.569945 0.0343916 0.0587767
3 0.742259 0.557695 0.037664 0.0782223
