2 0.441052 0.449443 0.0917027 0.0602637
2 0.280424 0.378495 0.0503964 0.0287107
2 0.16321 0.401548 0.0621999 0.040734
3 0.197303 0.569085 0.0265072 0.0705933
3 0.57891 0.495263 0.049324 0.0591277
2 0.757732 0.360118 0.065237 0.0363267
2 0.808949 0.372731 0.0770526 0.0332293
0 0.599958 0.455296 0.0269236 0.0495473
3 0.873047 0.506549 0.0477447 0.0642594
0 0.363215 0.716145 0.0334243 0.096631
3 0.307673 0.434652 0.023696 0.042576
2 0.813051 0.330796 0.0252077 0.0281506
2 0.398638 0.369592 0.0236922 0.0232259
2 0.644641 0.360271 0.0530785 0.0322763
3 0.218334 0.500283 0.0294872 0.0746485
3 0.370472 0.469109 0.0329207 0.0539327
3 0.363355 0.744408 0.0336944 0.081181
0 0.222932 0.433693 0.0161803 0.0398696
2 0.480188 0.344806 0.0367497 0.0260446
3 0.741142 0.471902 0.0971943 0.0558679
3 0.21656 0.51298 0.0276398 0.0576556
0 0.466305 0.400539 0.0139181 0.0367967
2 0.884421 0.382867 0.0236778 0.0326734
2 0.437677 0.376447 0.0201479 0.0220704
0 0.24848 0.403335 0.0136904 0.0327121
3 0.766296 0.476742 0.0491492 0.0533113
