2 0.584352 0.692469 0.115162 0.202441
3 0.715672 0.647363 0.0419775 0.103436
3 0.615435 0.422824 0.0386805 0.0622256
3 0.531765 0.466276 0.0430031 0.0614732
0 0.407505 0.612251 0.039719 0.0935877
3 0.495746 0.630543 0.044994 0.0500473
0 0.504453 0.591697 0.0242482 0.056283
3 0.808043 0.5092 0.063938 0.0659043
3 0.711995 0.655646 0.0387381 0.085548
2 0.16847 0.554057 0.127587 0.112626
0 0.776128 0.750206 0.0678745 0.0945133
3 0.510448 0.607589 0.0434239 0.0559476
3 0.499134 0.62502 0.0522564 0.0622493
