2 0.63961 0.529791 0.0653473 0.0950897
2 0.469498 0.518878 0.0482309 0.0739867
2 0.601987 0.435038 0.0403803 0.0512223
2 0.522905 0.408705 0.0301457 0.039813
2 0.396702 0.503546 0.0430144 0.0508567
2 0.713309 0.750024 0.11601 0.0899653
2 0.477468 0.397871 0.0269082 0.0315168
2 0.492121 0.443575 0.0367815 0.0481591
2 0.282758 0.595147 0.123258 0.125556
2 0.561015 0.58424 0.064212 0.0974646
3 0.160259 0.52842 0.0564092 0.065597
0 0.379567 0.551768 0.0210434 0.0602436
2 0.622396 0.3694 0.0440155 0.0319869
2 0.566421 0.39943 0.0303105 0.040875
0 0.295568 0.773151 0.0408204 0.0491538
0 0.455945 0.774122 0.032301 0.0435365
3 0.400593 0.627816 0.0240451 0.0609467
2 0.459318 0.36675 0.0216974 0.0315063
0 0.400647 0.608934 0.024691 0.0748098
2 0.491014 0.371492 0.0223682 0.026509
2 0.125906 0.759265 0.0446266 0.07128
0 0.424034 0.528357 0.0158178 0.0478342
2 0.632463 0.385958 0.0298788 0.0333377
3 0.436159 0.663205 0.0225799 0.0588637
3 0.198575 0.511453 0.0398342 0.0361139
