3 0.400468 0.609279 0.0528925 0.0865401
3 0.320255 0.546101 0.0396617 0.0723864
3 0.150705 0.518493 0.0412327 0.0586416
2 0.74421 0.41397 0.0332205 0.0336414
3 0.639369 0.471995 0.0211256 0.043294
2 0.23094 0.381727 0.0223916 0.0222671
0 0.150856 0.516518 0.0386963 0.0587453
0 0.500165 0.50057 0.0211418 0.0520568
3 0.320937 0.546731 0.038557 0.0521675
3 0.319844 0.559314 0.0382923 0.0501776
0 0.397974 0.552002 0.0369817 0.0642828
0 0.681813 0.451883 0.0187208 0.0474123
3 0.755665 0.446521 0.0190151 0.0393755
3 0.448255 0.481311 0.0334642 0.045188
