5 0.236987 0.399818 0.12543 0.145807
2 0.828931 0.69921 0.136542 0.189531
2 0.305682 0.714146 0.147341 0.162905
2 0.732901 0.47766 0.0816794 0.0947106
2 0.123238 0.492256 0.0385938 0.0920528
2 0.142117 0.437917 0.0745281 0.0689911
5 0.516502 0.637511 0.118157 0.289273
2 0.444968 0.34694 0.035524 0.0470952
5 0.302877 0.314342 0.0536861 0.0627201
2 0.331539 0.352903 0.0384677 0.0368446
3 0.846872 0.527441 0.0353586 0.0499969
2 0.359098 0.333499 0.0306777 0.0363522
2 0.365694 0.543212 0.100727 0.148868
2 0.429446 0.377441 0.036857 0.0266922
2 0.40195 0.474153 0.0472016 0.0815982
3 0.847943 0.517723 0.0387905 0.0654788
2 0.423163 0.423324 0.0466642 0.0832554
2 0.43567 0.36521 0.0425634 0.0264963
