2 0.36435 0.642613 0.238657 0.285913
0 0.188417 0.405087 0.0221736 0.0807372
3 0.540015 0.414054 0.0265182 0.0622522
0 0.683165 0.431137 0.0253868 0.0661493
3 0.479546 0.480181 0.0316898 0.0537878
7 0.364728 0.641744 0.238503 0.285418
0 0.438834 0.474434 0.0309196 0.0704684
3 0.480007 0.46966 0.0332618 0.0713463
0 0.515479 0.379739 0.0183331 0.0579228
2 0.675996 0.327033 0.0387117 0.0601815
3 0.368568 0.512675 0.039212 0.060935
0 0.478404 0.434299 0.0362999 0.0951831
2 0.60747 0.347204 0.0424105 0.0709776
3 0.436691 0.475277 0.0299499 0.0622708
0 0.558391 0.361031 0.0137999 0.0407057
3 0.683103 0.431455 0.0245264 0.0664578
7 0.609875 0.343928 0.0438011 0.0752665
0 0.370437 0.506382 0.0387852 0.0737458
0 0.567379 0.35538 0.0149758 0.0457776
