2 0.584179 0.608058 0.087755 0.111294
2 0.671942 0.622147 0.0821846 0.0918652
2 0.837425 0.740131 0.105821 0.111304
0 0.569405 0.723517 0.0418356 0.10651
11 0.213543 0.436203 0.0225382 0.0277548
2 0.61375 0.509732 0.0660482 0.0800201
0 0.75512 0.75958 0.0517309 0.0696274
0 0.612153 0.680053 0.0358244 0.0940262
3 0.568713 0.518813 0.0376545 0.0608729
3 0.469914 0.680946 0.0388353 0.0815848
0 0.689306 0.701414 0.0348387 0.0894856
0 0.473371 0.669692 0.0358486 0.0962295
0 0.592665 0.452335 0.019729 0.0511676
