2 0.457282 0.357212 0.0536046 0.0462496
2 0.751714 0.37666 0.0458559 0.0402196
2 0.834742 0.376777 0.0483067 0.0443264
3 0.294095 0.44405 0.0425966 0.0632215
2 0.612302 0.331199 0.0594784 0.0370961
3 0.832534 0.443384 0.0234966 0.0519644
5 0.645734 0.466994 0.113903 0.107852
7 0.689545 0.367315 0.0515018 0.0664767
3 0.276882 0.367585 0.0318895 0.0396559
2 0.488137 0.337987 0.0319667 0.0357582
3 0.654344 0.603413 0.0491665 0.0766615
3 0.495441 0.694732 0.0526239 0.105663
3 0.831301 0.608854 0.0346127 0.0569053
3 0.726625 0.548447 0.0438294 0.0740954
2 0.874997 0.34746 0.0378089 0.0465654
3 0.782443 0.455827 0.0220306 0.0630338
3 0.780381 0.638508 0.0392926 0.0847279
3 0.561805 0.570994 0.0380534 0.0715594
0 0.783358 0.45028 0.0203756 0.0520162
0 0.193961 0.31918 0.0194981 0.0521219
0 0.240224 0.361342 0.0249896 0.0413532
0 0.484993 0.644072 0.0430869 0.0944201
0 0.664412 0.528233 0.0275248 0.0839985
