2 0.51691 0.489176 0.150699 0.144387
2 0.408445 0.454633 0.16786 0.134138
2 0.419912 0.705253 0.233545 0.174477
2 0.831891 0.518937 0.12644 0.111136
2 0.654126 0.397521 0.0738363 0.0737664
2 0.820337 0.418724 0.0857193 0.0466577
2 0.684201 0.484415 0.167054 0.122491
3 0.145133 0.391055 0.0473756 0.0613778
3 0.563154 0.402032 0.0380646 0.0530319
2 0.64446 0.483995 0.0925581 0.119299
0 0.22709 0.531139 0.0306472 0.101193
2 0.875996 0.607543 0.0404497 0.125228
3 0.522565 0.399101 0.0443115 0.0583494
