2 0.683352 0.473213 0.11917 0.074247
2 0.137904 0.669133 0.0681402 0.156622
2 0.375539 0.434731 0.06947 0.0702532
2 0.815606 0.430862 0.0632297 0.059258
2 0.724486 0.715576 0.158431 0.154514
2 0.710039 0.32965 0.0251602 0.026478
7 0.472995 0.728492 0.261752 0.127258
2 0.784605 0.342836 0.0302088 0.0263814
0 0.290943 0.498749 0.0310126 0.0666154
3 0.280087 0.560144 0.0443219 0.0516062
2 0.280892 0.347285 0.0204371 0.0205331
3 0.704479 0.538967 0.0434242 0.0827694
3 0.187109 0.489395 0.0362998 0.0546896
0 0.834547 0.397098 0.0158016 0.0437553
