2 0.607349 0.501036 0.0804369 0.0969819
5 0.230534 0.601283 0.253072 0.287366
2 0.556247 0.353385 0.0466385 0.0453462
0 0.564166 0.609004 0.0244766 0.0732278
0 0.655339 0.569292 0.0235937 0.075682
0 0.574735 0.761625 0.05204 0.0682076
0 0.295659 0.658997 0.0452826 0.112389
3 0.292685 0.714334 0.0460259 0.076743
3 0.549947 0.638373 0.040481 0.0702159
7 0.576328 0.417451 0.0732922 0.115411
0 0.612993 0.568307 0.0259677 0.0610938
3 0.295594 0.699419 0.0533433 0.101394
2 0.473682 0.365462 0.0480721 0.0634292
0 0.65146 0.574615 0.0247661 0.0756474
0 0.519912 0.739804 0.0451091 0.111561
3 0.250718 0.453379 0.0359548 0.0588001
7 0.414246 0.401587 0.0688941 0.0725249
0 0.250529 0.453323 0.0354602 0.0580199
