2 0.810529 0.656224 0.149776 0.169322
2 0.278297 0.442331 0.0444608 0.0625879
2 0.569994 0.400105 0.058532 0.0402304
2 0.57956 0.485686 0.0991607 0.0669101
2 0.4031 0.379666 0.0430578 0.0361279
2 0.65485 0.406112 0.0520042 0.0503101
2 0.83824 0.434134 0.0619935 0.0613722
3 0.63111 0.503167 0.0574879 0.0679348
2 0.741105 0.450034 0.0601623 0.0817373
3 0.188672 0.574467 0.0417831 0.0775815
2 0.475099 0.394949 0.0634597 0.0474566
2 0.778701 0.351274 0.0305672 0.0308771
2 0.170433 0.452427 0.050575 0.0497587
7 0.284189 0.373951 0.0383655 0.0628844
3 0.240184 0.588227 0.0317011 0.0635478
2 0.700084 0.332345 0.0227606 0.0222118
2 0.115367 0.686722 0.0241671 0.101208
0 0.214872 0.500867 0.0264736 0.0613402
2 0.862953 0.39517 0.021244 0.0359313
0 0.241832 0.555736 0.0286281 0.0601785
0 0.240391 0.566451 0.0327936 0.0829796
0 0.238622 0.587874 0.0304782 0.0641061
0 0.182895 0.416197 0.0158115 0.0429417
