2 0.238888 0.55942 0.0890914 0.138072
2 0.296444 0.476538 0.0674779 0.1085
2 0.693977 0.520865 0.0699076 0.111682
2 0.604422 0.404137 0.0727126 0.0535717
2 0.640948 0.362173 0.0444583 0.0452368
2 0.720314 0.320537 0.0281239 0.038961
7 0.473398 0.726976 0.261404 0.130342
3 0.774249 0.447708 0.0273332 0.0539891
2 0.280473 0.413061 0.0335485 0.0372127
0 0.381938 0.405005 0.0143008 0.0380208
2 0.266116 0.360275 0.0308219 0.0378168
0 0.376385 0.464031 0.0168 0.0523201
2 0.786933 0.317477 0.0394274 0.0467223
0 0.389651 0.506295 0.0232566 0.0616817
3 0.198102 0.499063 0.0492865 0.0567158
3 0.687984 0.443912 0.0579641 0.0698804
0 0.404588 0.411978 0.0154925 0.0347011
0 0.749531 0.404648 0.0194235 0.0378084
0 0.247828 0.675578 0.048086 0.105871
0 0.401535 0.426374 0.0189224 0.061566
3 0.76661 0.44033 0.0366609 0.0397709
3 0.389869 0.51476 0.0235846 0.0733676
