2 0.851402 0.320584 0.0849922 0.0919591
0 0.266733 0.391823 0.0271015 0.0761026
0 0.214273 0.340212 0.0173644 0.0624289
0 0.494723 0.276307 0.0150876 0.046653
0 0.455241 0.33495 0.0187061 0.0529846
3 0.403184 0.402833 0.0273067 0.0695961
0 0.292957 0.351959 0.0217039 0.0589401
0 0.409035 0.319924 0.0172132 0.0439193
0 0.402429 0.398899 0.0273244 0.0737307
3 0.469261 0.369539 0.0293861 0.0611605
3 0.34782 0.377322 0.0254205 0.0510227
0 0.817517 0.247327 0.0260341 0.0584367
0 0.377962 0.289415 0.0147897 0.0450411
1 0.713665 0.313106 0.031805 0.0455325
