2 0.526916 0.416807 0.0274132 0.0384043
2 0.482603 0.385581 0.021143 0.0254715
2 0.52353 0.60205 0.0654946 0.122972
2 0.516837 0.378953 0.0194652 0.0310075
0 0.447574 0.726338 0.0294783 0.0928004
0 0.535222 0.478518 0.0141012 0.0441399
2 0.87916 0.525821 0.0317671 0.0328261
2 0.703889 0.576575 0.0264195 0.0361752
3 0.447136 0.745722 0.0271965 0.0528616
3 0.42089 0.614279 0.0247131 0.0494698
3 0.710388 0.762513 0.0428303 0.0693025
58 0.780567 0.657607 0.019726 0.0259073
0 0.447515 0.715138 0.0265118 0.0707592
0 0.375224 0.711495 0.0250888 0.0559095
2 0.568133 0.425921 0.0261096 0.0337454
2 0.698401 0.572988 0.0378805 0.0448159
