0 0.532396 0.451692 0.0181624 0.0477161
3 0.628048 0.497025 0.0201252 0.0645777
2 0.831923 0.71762 0.126057 0.152054
3 0.174265 0.451549 0.0892028 0.0642804
0 0.187966 0.578218 0.0287156 0.0809353
3 0.472048 0.438847 0.031208 0.053497
3 0.472816 0.447958 0.0325146 0.0357928
3 0.54174 0.501311 0.0204008 0.0627171
2 0.547356 0.381321 0.0630367 0.0633594
3 0.150737 0.454518 0.0408407 0.0618268
0 0.590797 0.537203 0.0224733 0.0599201
2 0.288075 0.689235 0.137548 0.085797
0 0.455468 0.383096 0.0180679 0.0288493
0 0.592447 0.476498 0.017469 0.0479983
3 0.363302 0.41759 0.0430827 0.0451472
3 0.162017 0.538577 0.0698025 0.0721939
2 0.613218 0.33976 0.0519376 0.0447216
2 0.233732 0.406627 0.0379854 0.0349712
