0 0.776057 0.720743 0.0661249 0.146521
2 0.143799 0.52636 0.0816095 0.140118
7 0.143842 0.524711 0.0803049 0.140615
3 0.537801 0.450186 0.0591555 0.0675913
0 0.350028 0.446125 0.0261728 0.0953387
0 0.2575 0.3858 0.0182955 0.0586418
0 0.309312 0.432948 0.0162325 0.0421611
0 0.231855 0.391974 0.0163477 0.0549085
0 0.774712 0.384934 0.0244225 0.0452714
3 0.499325 0.413227 0.0429492 0.0572443
0 0.395293 0.366181 0.0253929 0.0677618
0 0.502381 0.414031 0.0357446 0.0560558
0 0.39985 0.36645 0.0180483 0.0653417
3 0.869201 0.416891 0.0417125 0.0587816
