3 0.701442 0.563716 0.0386756 0.0687407
0 0.690457 0.487537 0.0284289 0.0557301
3 0.567019 0.384801 0.0237896 0.0342208
3 0.776419 0.571327 0.0456653 0.0577243
3 0.173807 0.656875 0.0599933 0.113157
2 0.620739 0.354249 0.0342136 0.0278545
7 0.398431 0.35237 0.0460997 0.0528206
3 0.230367 0.445961 0.0255935 0.0467067
7 0.271902 0.344263 0.071921 0.048129
2 0.36532 0.385839 0.023034 0.0393196
2 0.870314 0.468885 0.0473297 0.0527182
2 0.400354 0.352554 0.0431056 0.0523286
2 0.494376 0.356172 0.0343001 0.030335
