0 0.843814 0.562362 0.0257845 0.08881
5 0.644617 0.539334 0.0947067 0.174939
11 0.213976 0.436313 0.0233429 0.0286235
2 0.838382 0.740063 0.107635 0.110658
2 0.526988 0.376072 0.0467571 0.0401011
3 0.293761 0.607186 0.0466525 0.0729969
0 0.463779 0.680848 0.0361257 0.0941939
2 0.621343 0.378536 0.0215723 0.0265223
3 0.398543 0.528794 0.0291631 0.0413558
2 0.645101 0.366114 0.0251492 0.0243485
3 0.342422 0.520426 0.0272159 0.050133
2 0.568906 0.363968 0.026457 0.0260865
2 0.549355 0.360685 0.0218487 0.0252552
0 0.537479 0.578366 0.0288698 0.0727995
0 0.754698 0.436131 0.0129862 0.0441975
2 0.619015 0.355699 0.0275957 0.0230971
0 0.34402 0.518626 0.027876 0.0511421
