2 0.696128 0.466745 0.0573438 0.0638622
2 0.812582 0.372449 0.0412418 0.0385
2 0.267554 0.425938 0.0392985 0.0442493
2 0.264996 0.379866 0.030541 0.0361685
2 0.835878 0.445303 0.0667818 0.0677452
2 0.807147 0.525063 0.0943501 0.100256
2 0.426981 0.37754 0.0604206 0.053639
2 0.623887 0.412353 0.0579268 0.0546046
0 0.769623 0.455377 0.0206951 0.0588253
2 0.472493 0.375955 0.0369537 0.0371603
2 0.734606 0.31254 0.0236242 0.0272898
2 0.115473 0.477391 0.0224536 0.030761
2 0.775426 0.357334 0.0311157 0.0284316
0 0.156313 0.461018 0.016193 0.0499391
0 0.161397 0.461679 0.0233206 0.0533863
3 0.158616 0.461193 0.0237386 0.0519661
3 0.612118 0.464654 0.0456833 0.0510241
0 0.163957 0.460061 0.0152009 0.0507657
0 0.195071 0.435095 0.0132421 0.0360369
7 0.473611 0.725723 0.260108 0.131325
0 0.372078 0.432344 0.0194337 0.0453557
0 0.793118 0.46387 0.0239371 0.039847
