2 0.472762 0.389545 0.0710258 0.0557979
2 0.128663 0.362947 0.0501421 0.0490392
5 0.77172 0.395682 0.103752 0.11031
3 0.581628 0.512617 0.0304924 0.0613724
3 0.597564 0.60263 0.0427393 0.0831925
0 0.730068 0.687452 0.041646 0.0926557
3 0.257046 0.432899 0.0420817 0.0614118
3 0.515311 0.694496 0.044461 0.0777127
3 0.123557 0.501939 0.039543 0.066539
3 0.829305 0.537493 0.0265961 0.0605702
3 0.310721 0.435135 0.0364839 0.0685552
0 0.829513 0.437737 0.0199837 0.048081
3 0.36435 0.411697 0.0300818 0.045788
3 0.246683 0.378266 0.0437628 0.0477468
3 0.556196 0.361545 0.0247425 0.0473906
0 0.787567 0.717516 0.0452076 0.106282
0 0.730976 0.679033 0.0359944 0.0744109
3 0.661578 0.329501 0.0418306 0.0357874
2 0.87391 0.35295 0.0387276 0.0347463
3 0.728952 0.714998 0.0410082 0.0717291
3 0.638625 0.461648 0.0258913 0.0625333
3 0.784936 0.759183 0.0366291 0.0609278
0 0.597433 0.599794 0.0388426 0.0791848
0 0.830541 0.53106 0.0277081 0.0690955
3 0.802246 0.473821 0.0245699 0.0453912
