2 0.333727 0.633792 0.193124 0.164997
2 0.712398 0.387511 0.0556314 0.0489744
0 0.525258 0.705977 0.0372146 0.10375
0 0.664853 0.769439 0.0488803 0.0552775
2 0.52062 0.361213 0.0567455 0.0479265
0 0.593223 0.60758 0.0333737 0.0879347
3 0.25291 0.444703 0.0396399 0.0519914
0 0.425489 0.764244 0.0495146 0.0653927
2 0.168865 0.499396 0.130608 0.125921
2 0.748685 0.341833 0.0301803 0.032768
3 0.831425 0.434024 0.0315394 0.0544885
3 0.37282 0.430199 0.0336434 0.052671
3 0.595849 0.412728 0.0228333 0.0559589
0 0.645972 0.429956 0.0209926 0.0560147
3 0.346092 0.396616 0.0297994 0.0484599
0 0.716851 0.590414 0.0347549 0.0732264
0 0.66326 0.463088 0.0232052 0.0536214
