2 0.619124 0.593133 0.119268 0.125463
2 0.450408 0.385769 0.041752 0.0487152
2 0.413493 0.341163 0.0240759 0.0313059
2 0.429657 0.315994 0.0216046 0.0275793
0 0.197911 0.758855 0.0300798 0.0772914
2 0.15712 0.692349 0.107208 0.112899
0 0.362416 0.654729 0.0362407 0.0905345
3 0.74398 0.57603 0.0525148 0.0765767
3 0.529473 0.424208 0.0228665 0.0504315
3 0.611133 0.453281 0.023366 0.0522842
3 0.494978 0.527411 0.0279148 0.0608813
0 0.493961 0.518002 0.0235742 0.0701491
3 0.867951 0.431682 0.0308338 0.0366963
0 0.385328 0.612112 0.0307844 0.0905793
3 0.671797 0.477362 0.0323894 0.0519211
3 0.650588 0.526962 0.0351604 0.066251
