2 0.401118 0.630102 0.076656 0.110163
7 0.460051 0.690433 0.112323 0.206481
2 0.517528 0.474915 0.0388853 0.0620727
2 0.430788 0.485723 0.0412417 0.0726135
0 0.572717 0.755382 0.0352639 0.0773953
2 0.476372 0.477037 0.0201412 0.0471729
2 0.47182 0.404037 0.0248053 0.0339815
2 0.55089 0.404376 0.0243883 0.0314133
0 0.302862 0.578789 0.0217769 0.0653436
7 0.577008 0.515014 0.0643431 0.127691
3 0.481102 0.542326 0.0221247 0.0494248
0 0.589516 0.673346 0.0293717 0.0904932
2 0.57685 0.514466 0.0636839 0.127273
0 0.617661 0.627374 0.0266939 0.0650363
