2 0.555022 0.549748 0.0851303 0.104022
2 0.410148 0.369198 0.0297244 0.0331208
2 0.550867 0.432335 0.0513485 0.0508756
0 0.335644 0.62329 0.0352877 0.097563
3 0.670896 0.471747 0.0253817 0.0529255
3 0.619469 0.461767 0.0237423 0.0514649
0 0.530486 0.685033 0.0429667 0.115885
2 0.465106 0.412613 0.0623306 0.0817888
0 0.223564 0.515718 0.0219652 0.0723463
2 0.34461 0.356071 0.0266988 0.0229856
3 0.53574 0.733292 0.0487802 0.0881363
2 0.362097 0.321943 0.0191419 0.0210976
3 0.750541 0.416526 0.0296832 0.0419621
2 0.344676 0.349687 0.0272715 0.0366037
0 0.5231 0.675621 0.0288522 0.0992497
0 0.352628 0.40625 0.0157566 0.0429536
3 0.375922 0.393169 0.018662 0.0458907
0 0.223391 0.579191 0.0350551 0.0727375
