2 0.218218 0.44818 0.0740133 0.0648529
7 0.60071 0.330809 0.193602 0.188271
2 0.805561 0.455258 0.182706 0.21431
2 0.282289 0.569975 0.079968 0.126584
2 0.135685 0.400975 0.0332686 0.042283
0 0.672574 0.479462 0.0558115 0.144078
1 0.790774 0.514025 0.130852 0.151821
0 0.359637 0.551069 0.0271033 0.0731868
2 0.804262 0.414724 0.18326 0.137073
0 0.457691 0.746137 0.0426577 0.0972424
3 0.790529 0.513562 0.131168 0.153089
0 0.206469 0.544971 0.0265508 0.0754531
0 0.777189 0.444911 0.0464088 0.0993774
2 0.474875 0.306922 0.0674816 0.0493333
2 0.401078 0.290564 0.0621116 0.0410451
