2 0.668247 0.541199 0.122212 0.136137
2 0.158592 0.341205 0.0680012 0.081196
2 0.80595 0.226869 0.0397106 0.0344418
0 0.2231 0.6727 0.0529524 0.133975
3 0.468519 0.552111 0.0397385 0.0679088
3 0.22849 0.545974 0.04606 0.0648601
0 0.252455 0.399925 0.0263442 0.0652492
3 0.812423 0.367136 0.0254217 0.0544732
0 0.234542 0.505827 0.0297607 0.0611542
2 0.866797 0.258189 0.0414547 0.0330577
3 0.472516 0.544095 0.0471414 0.0799735
0 0.821759 0.298715 0.0215359 0.0407317
0 0.475242 0.531355 0.0435896 0.0825174
0 0.18897 0.508513 0.0383188 0.090341
3 0.811845 0.378303 0.0237955 0.0322111
