2 0.707068 0.301238 0.0702807 0.0592986
0 0.870239 0.434346 0.030229 0.0724835
3 0.244126 0.572724 0.0780048 0.0736107
0 0.693372 0.457132 0.0292725 0.0837616
0 0.761593 0.465468 0.0291952 0.0743578
0 0.163561 0.452219 0.0354689 0.068342
3 0.229017 0.577042 0.0461524 0.0641949
0 0.832825 0.417225 0.022615 0.0535093
0 0.141207 0.32801 0.0243447 0.0580396
0 0.243017 0.531336 0.0279348 0.0457648
7 0.826907 0.264538 0.0568142 0.0650444
3 0.142362 0.32775 0.024669 0.0541529
3 0.760254 0.469854 0.0293715 0.0692364
