2 0.532323 0.523538 0.125592 0.0735232
2 0.717489 0.559424 0.0980816 0.0909299
2 0.528125 0.418162 0.0350115 0.0343318
3 0.443904 0.745675 0.0508366 0.0917204
0 0.409066 0.447077 0.0111836 0.0387009
7 0.579505 0.412132 0.0738037 0.0769454
0 0.403713 0.496864 0.0188066 0.0518184
0 0.452685 0.701706 0.0357323 0.0819385
0 0.456666 0.41934 0.00978632 0.0311091
0 0.481045 0.419977 0.0158529 0.0383292
3 0.64735 0.467228 0.0268005 0.0544678
0 0.430463 0.451169 0.0142142 0.0419375
3 0.651863 0.469474 0.0169287 0.0487499
3 0.453526 0.744269 0.0298927 0.0839204
