2 0.521745 0.437194 0.0879955 0.102156
2 0.404456 0.452274 0.0668009 0.105757
0 0.348807 0.567367 0.0457932 0.115414
7 0.849553 0.359052 0.131696 0.111486
2 0.285796 0.411455 0.0560993 0.0780286
3 0.130206 0.473435 0.0627231 0.0671652
2 0.375382 0.332816 0.0384835 0.058783
2 0.629466 0.463846 0.085877 0.101448
0 0.947329 0.639461 0.038533 0.130284
0 0.401082 0.556939 0.0395423 0.114669
2 0.297622 0.357579 0.0547113 0.057429
0 0.793062 0.774451 0.0441584 0.110739
0 0.229705 0.636522 0.0416559 0.103696
