2 0.654302 0.504302 0.102441 0.0824913
2 0.393135 0.366071 0.0745433 0.0491863
2 0.492125 0.365838 0.0548836 0.0477118
2 0.827225 0.348192 0.0428044 0.043427
2 0.765617 0.413773 0.0596672 0.0482301
2 0.650719 0.328911 0.0555117 0.0334264
0 0.737569 0.751985 0.0485937 0.087361
0 0.386091 0.525271 0.0380323 0.0664774
3 0.195209 0.437518 0.0416381 0.0591082
3 0.250726 0.438309 0.038342 0.0549933
3 0.40716 0.624274 0.0479858 0.0959926
2 0.750072 0.338335 0.0464447 0.0405193
0 0.36037 0.586188 0.0365176 0.0755761
3 0.146846 0.36982 0.0389799 0.0365581
0 0.490471 0.519351 0.0219652 0.0605049
3 0.618497 0.424456 0.0218788 0.0453322
0 0.704785 0.584783 0.0351392 0.0904262
