0 0.250839 0.413893 0.0292973 0.0648803
2 0.884339 0.279377 0.0245854 0.0433015
3 0.162434 0.541882 0.047185 0.0829127
3 0.654179 0.552574 0.0401461 0.076968
0 0.798085 0.580733 0.0367951 0.101902
3 0.144789 0.334971 0.024857 0.0446995
3 0.353707 0.470396 0.0323694 0.0766222
3 0.809189 0.373177 0.0258325 0.0587364
2 0.135308 0.694532 0.0618673 0.115794
0 0.809049 0.372898 0.0241383 0.0592081
0 0.353568 0.467883 0.0315496 0.0754095
3 0.135246 0.694605 0.0627506 0.115773
0 0.654909 0.529024 0.0298888 0.0673481
