2 0.372187 0.697175 0.150763 0.194241
2 0.706965 0.427565 0.0988666 0.0532766
2 0.545338 0.435089 0.0537535 0.0715069
2 0.147266 0.751611 0.0866633 0.083699
2 0.699011 0.357168 0.0309993 0.0368832
2 0.57661 0.37021 0.0328258 0.0415935
3 0.191827 0.686936 0.0822334 0.14386
0 0.553977 0.617392 0.0341757 0.0873968
0 0.643458 0.606694 0.0264132 0.0808951
2 0.496789 0.416953 0.0326893 0.0486709
7 0.539541 0.336406 0.0561757 0.0805835
2 0.594208 0.333569 0.0230528 0.0250157
3 0.547026 0.681285 0.038662 0.0989503
7 0.431901 0.474527 0.109275 0.153072
3 0.301834 0.557609 0.0371121 0.0609452
0 0.745773 0.747486 0.0618051 0.098063
3 0.546315 0.70128 0.035815 0.0562034
