2 0.151885 0.394189 0.0964151 0.0555365
3 0.2046 0.440957 0.0484986 0.0622305
3 0.267056 0.448375 0.0426599 0.0590908
3 0.360676 0.388774 0.0258511 0.0432469
3 0.400911 0.400733 0.0286808 0.0436503
3 0.669246 0.41184 0.0198622 0.0481272
0 0.172383 0.35669 0.0163395 0.0263031
2 0.116252 0.500884 0.0249293 0.0913559
0 0.681278 0.313611 0.0115699 0.0333364
3 0.138052 0.471791 0.040914 0.0579152
3 0.448328 0.345133 0.0244963 0.0362102
0 0.655587 0.327111 0.0120287 0.0453459
3 0.524582 0.345636 0.0181614 0.0353762
