2 0.409611 0.542024 0.108686 0.155017
2 0.841066 0.437145 0.101421 0.0639157
2 0.242279 0.259124 0.0271037 0.0302241
2 0.215966 0.346653 0.0442655 0.0593304
3 0.704929 0.432588 0.0461338 0.0557753
0 0.298652 0.385872 0.01616 0.0491619
0 0.787665 0.390971 0.0149775 0.0492622
0 0.811762 0.389372 0.0203909 0.0434845
2 0.206754 0.291882 0.0275433 0.0257873
3 0.770943 0.399462 0.0254927 0.0367829
2 0.880896 0.387784 0.0319371 0.0452402
2 0.866369 0.38526 0.0598448 0.0503341
2 0.205006 0.272504 0.0241732 0.0409897
0 0.765896 0.386307 0.0203573 0.0456522
2 0.207467 0.280162 0.0289853 0.0526096
0 0.784851 0.389533 0.0171502 0.0468684
