2 0.398925 0.724413 0.198599 0.134493
2 0.583499 0.439282 0.0402059 0.0491668
0 0.617749 0.573702 0.0370276 0.100003
0 0.561414 0.58394 0.0365209 0.0857296
3 0.169317 0.50865 0.0575987 0.0602685
0 0.387376 0.453809 0.021347 0.0535497
0 0.604347 0.499036 0.0222601 0.0646045
3 0.617187 0.592576 0.033423 0.0671396
2 0.615729 0.399925 0.0324753 0.0326983
0 0.419053 0.420912 0.0151584 0.044831
1 0.22284 0.448876 0.0316383 0.0459955
0 0.267395 0.428913 0.0185206 0.0430817
2 0.539967 0.392211 0.0336063 0.0416813
