5 0.153135 0.431746 0.0985597 0.120901
2 0.52813 0.344569 0.0251769 0.0257739
3 0.581852 0.542666 0.0494104 0.0691703
3 0.453045 0.543775 0.0470765 0.054938
3 0.319824 0.401753 0.0222773 0.0359646
3 0.33126 0.404391 0.0289699 0.0398505
0 0.638756 0.458434 0.018979 0.0497146
3 0.388006 0.509612 0.039571 0.0505624
3 0.66172 0.495073 0.0248413 0.0523187
0 0.388193 0.50392 0.0382922 0.0565398
7 0.152976 0.431053 0.0997416 0.120515
0 0.716147 0.502214 0.0182808 0.045685
0 0.876238 0.571028 0.0327858 0.0667144
9 0.733017 0.276644 0.0134031 0.0531257
3 0.318099 0.398809 0.0180731 0.0315295
3 0.832867 0.694502 0.0582262 0.0867406
3 0.696955 0.71499 0.0423196 0.0565359
9 0.73312 0.268708 0.0119885 0.0409964
0 0.452832 0.526276 0.0181146 0.0491704
2 0.295735 0.677009 0.154332 0.0926722
