5 0.430777 0.38775 0.0632437 0.0598952
2 0.664868 0.445711 0.0452661 0.0401788
0 0.564612 0.474672 0.0178514 0.0429968
0 0.362399 0.605411 0.0311884 0.0539274
5 0.228125 0.405466 0.050572 0.0676687
3 0.533421 0.502691 0.0290816 0.054303
5 0.260074 0.3903 0.0443357 0.0522127
3 0.366011 0.639208 0.0519874 0.0572858
3 0.222316 0.633179 0.0655127 0.0775654
3 0.589635 0.484045 0.0216414 0.0489093
2 0.261151 0.391653 0.0435684 0.0516194
5 0.174309 0.400542 0.0382525 0.0393481
0 0.363002 0.623089 0.0454984 0.0883714
3 0.221026 0.642479 0.0647994 0.0560716
