3 0.696735 0.595989 0.0535704 0.086078
2 0.680705 0.335851 0.0441999 0.0372964
3 0.245471 0.737545 0.0841923 0.107032
0 0.405255 0.685694 0.0625835 0.117281
0 0.237949 0.737875 0.0705631 0.10343
3 0.213615 0.500279 0.0675847 0.0831857
3 0.413689 0.715002 0.0794288 0.105178
3 0.52385 0.481575 0.0388446 0.0738327
0 0.698275 0.566737 0.0462607 0.104805
3 0.604327 0.383418 0.0227075 0.0500066
3 0.117252 0.720835 0.027596 0.0572665
3 0.441089 0.524111 0.0520917 0.0727124
3 0.374491 0.439801 0.0474776 0.0720839
2 0.766123 0.305336 0.0297024 0.0204568
0 0.443544 0.504784 0.0377082 0.0664623
3 0.802475 0.470206 0.0795231 0.0794877
0 0.720286 0.499335 0.0373266 0.0646171
3 0.157138 0.496953 0.0805653 0.0754887
3 0.423418 0.402935 0.0299018 0.0457895
3 0.182268 0.497285 0.128716 0.0879514
