2 0.347729 0.511293 0.0912557 0.0789664
2 0.225853 0.411947 0.0316401 0.0406139
2 0.196753 0.373542 0.0434617 0.0512018
0 0.671459 0.463577 0.0182095 0.059712
3 0.372637 0.688917 0.0594204 0.096468
3 0.487929 0.480087 0.0236597 0.0495181
2 0.168518 0.401265 0.0453402 0.0479452
3 0.273934 0.518687 0.0502838 0.058347
3 0.545466 0.529909 0.0300385 0.0550519
3 0.606632 0.518408 0.0228687 0.0599502
0 0.542702 0.445125 0.0176257 0.0383418
3 0.419766 0.558776 0.0381288 0.0730083
3 0.420163 0.570173 0.0381054 0.0502375
0 0.670501 0.455116 0.0163013 0.0435281
0 0.64614 0.462398 0.0164798 0.0445909
0 0.418676 0.559309 0.034986 0.0724418
5 0.874709 0.37555 0.0384441 0.066069
