2 0.583555 0.591608 0.190396 0.197965
3 0.272936 0.575346 0.0881018 0.101583
0 0.862835 0.669824 0.0593421 0.15357
0 0.82971 0.533067 0.0566665 0.110193
0 0.759629 0.725243 0.0623804 0.136345
3 0.215304 0.534929 0.0799844 0.0796095
2 0.397119 0.766884 0.1762 0.0594151
3 0.129912 0.682024 0.0524723 0.129855
3 0.204388 0.536334 0.0581723 0.076612
3 0.418185 0.430235 0.0416579 0.0637745
7 0.561988 0.442222 0.216036 0.183817
2 0.769418 0.486731 0.123534 0.0936527
2 0.561729 0.44046 0.214675 0.186365
0 0.764867 0.713445 0.0528185 0.109465
0 0.300594 0.482731 0.0467644 0.0686958
2 0.751205 0.490058 0.0848395 0.0871013
