2 0.648293 0.584549 0.0901058 0.12407
2 0.751151 0.515048 0.0664656 0.084106
2 0.734425 0.391113 0.0340992 0.0399808
3 0.222339 0.751014 0.0755093 0.0881378
0 0.3644 0.686607 0.0195782 0.0680178
3 0.364179 0.739788 0.0744024 0.0856778
0 0.530393 0.572123 0.0249117 0.0506844
0 0.639571 0.449101 0.0132763 0.0399327
3 0.554384 0.515358 0.028966 0.0598862
3 0.527655 0.606745 0.0263074 0.0424216
3 0.534016 0.605583 0.038508 0.0437329
0 0.365926 0.694383 0.0306939 0.0813506
0 0.670073 0.433811 0.0203549 0.0417441
