2 0.524384 0.649068 0.106231 0.147686
2 0.598646 0.49041 0.0660307 0.0787758
0 0.409564 0.687008 0.0407646 0.0887918
3 0.262974 0.728778 0.0682869 0.100275
0 0.265572 0.692276 0.0473985 0.0930327
0 0.266848 0.681533 0.0354937 0.0736034
3 0.407858 0.724647 0.0481415 0.0746248
0 0.610081 0.696602 0.0332071 0.086934
3 0.606819 0.738111 0.0267249 0.0535977
3 0.480042 0.484621 0.0226088 0.0482702
0 0.706563 0.475969 0.0197821 0.045488
0 0.239086 0.45433 0.0245936 0.0671225
2 0.224062 0.405039 0.0690858 0.0331496
3 0.549812 0.421968 0.0196133 0.0461173
3 0.506357 0.429224 0.0209543 0.0399165
3 0.665746 0.467258 0.0212538 0.0614925
3 0.252774 0.732707 0.0456716 0.0939074
3 0.443138 0.529527 0.0289761 0.0619676
3 0.380208 0.523293 0.0312874 0.0667649
