2 0.670694 0.759141 0.101271 0.0688497
2 0.586678 0.558698 0.0559998 0.0826403
2 0.501416 0.583747 0.0619438 0.0934829
2 0.555003 0.481307 0.0418008 0.0583203
2 0.403827 0.573935 0.0719622 0.0830442
0 0.549569 0.648219 0.0243499 0.0643508
3 0.177338 0.71298 0.0537375 0.0776645
2 0.493488 0.473815 0.0428931 0.0448943
0 0.264012 0.766061 0.040404 0.0599389
2 0.464463 0.425008 0.0267449 0.0317342
3 0.300229 0.618022 0.0298817 0.0359883
3 0.388542 0.669607 0.0252175 0.0501912
2 0.567884 0.441702 0.034709 0.0388967
3 0.342039 0.746604 0.0294113 0.0528051
3 0.239409 0.674146 0.024028 0.0552544
