3 0.517311 0.517117 0.0459959 0.0698014
3 0.690267 0.636855 0.0856473 0.0985175
3 0.319646 0.444034 0.0424969 0.0561987
3 0.198212 0.382189 0.0392954 0.0362857
3 0.681827 0.643823 0.0681372 0.0874339
3 0.622903 0.577815 0.0943394 0.0777518
3 0.596303 0.581945 0.0425573 0.0719434
3 0.414996 0.475352 0.0380122 0.0591945
3 0.553525 0.478007 0.0387845 0.0570239
2 0.673494 0.707569 0.230755 0.168877
0 0.517798 0.515926 0.0450113 0.0674214
0 0.700406 0.576909 0.0446713 0.0687839
3 0.262179 0.417633 0.0323566 0.0438066
0 0.708717 0.571363 0.0262634 0.0582161
3 0.753308 0.732298 0.0766291 0.100464
3 0.797085 0.453262 0.0278049 0.0540062
