2 0.717907 0.426241 0.0821222 0.0479998
2 0.376163 0.395585 0.0691763 0.0541146
3 0.652698 0.449407 0.0454161 0.058361
0 0.702777 0.625359 0.0376432 0.0890576
2 0.423253 0.377807 0.0759451 0.0484184
2 0.275521 0.373534 0.0820383 0.0556972
3 0.495299 0.428973 0.0395985 0.0506374
0 0.587283 0.591911 0.0285646 0.0725172
3 0.506701 0.536373 0.0590791 0.0663506
2 0.222892 0.402022 0.0715735 0.037418
2 0.475748 0.372576 0.0678128 0.043616
3 0.342976 0.671353 0.0669519 0.0834671
3 0.578624 0.448764 0.0422883 0.051811
3 0.719745 0.48444 0.0494409 0.0549688
0 0.58659 0.60407 0.0305006 0.0941848
3 0.82309 0.510831 0.0554731 0.0578367
0 0.651438 0.610241 0.0334751 0.0821481
0 0.824815 0.446767 0.0271363 0.0749944
0 0.617087 0.639134 0.0343838 0.091963
3 0.299731 0.460506 0.0258357 0.0594622
3 0.569718 0.671687 0.0351753 0.0505132
3 0.702 0.646782 0.0355131 0.0506729
3 0.571308 0.653858 0.0419403 0.0845103
3 0.617947 0.662362 0.0282158 0.0524988
3 0.651086 0.624209 0.0304554 0.0572238
3 0.451108 0.608148 0.0502323 0.070552
3 0.556536 0.383457 0.0289978 0.0314134
3 0.702593 0.636264 0.0362658 0.0708482
