2 0.206508 0.629326 0.202227 0.215984
0 0.326737 0.523803 0.025278 0.0828543
2 0.633878 0.353799 0.0319081 0.0365568
2 0.535768 0.360843 0.0465702 0.055749
3 0.73895 0.633888 0.0877374 0.0995243
0 0.161664 0.765211 0.0427152 0.0589358
2 0.596733 0.324896 0.0346368 0.0427475
3 0.131769 0.404233 0.0540027 0.0569494
0 0.725928 0.572036 0.0348783 0.0621689
3 0.37077 0.470801 0.0427415 0.0576723
0 0.177028 0.766067 0.0730574 0.0609408
0 0.728168 0.585208 0.0360447 0.0872473
3 0.596639 0.571454 0.065411 0.085796
3 0.707168 0.398528 0.0202083 0.0346106
0 0.136827 0.366629 0.0355267 0.0689871
0 0.483769 0.364449 0.0139002 0.0357879
7 0.535114 0.35756 0.0462714 0.065022
