2 0.578236 0.406149 0.0345474 0.0392633
0 0.350538 0.754356 0.0387203 0.084539
3 0.540193 0.490267 0.0181848 0.053445
0 0.42161 0.487575 0.0169912 0.059039
0 0.443409 0.510889 0.0186226 0.0585338
0 0.479859 0.511687 0.0211122 0.0592498
0 0.518302 0.582808 0.0238629 0.0644725
3 0.480038 0.512962 0.0206917 0.0619971
0 0.501796 0.430613 0.0142734 0.0605761
3 0.351391 0.761431 0.0413976 0.0691001
0 0.519208 0.591898 0.02674 0.0779892
3 0.519978 0.605472 0.0263889 0.0618145
0 0.502296 0.414149 0.0128364 0.0299356
2 0.456952 0.344027 0.0174028 0.0233704
