2 0.38555 0.712545 0.264013 0.163666
2 0.843504 0.469197 0.094714 0.0887678
5 0.653564 0.457559 0.219781 0.185232
2 0.682965 0.556722 0.138894 0.117393
2 0.868118 0.395622 0.0561077 0.0520118
0 0.607896 0.695306 0.0479336 0.0907134
2 0.805154 0.417476 0.077076 0.0668422
0 0.76714 0.695787 0.0446352 0.0875509
3 0.207163 0.587197 0.113076 0.080838
3 0.353118 0.50878 0.0612066 0.0701977
3 0.493419 0.478616 0.0487795 0.0545771
5 0.588015 0.314007 0.214315 0.185964
3 0.6063 0.740209 0.0728504 0.0882545
0 0.493963 0.456866 0.0288801 0.0561628
0 0.60203 0.686337 0.0358742 0.0725651
3 0.127931 0.551348 0.0494859 0.0875271
3 0.760137 0.459787 0.037726 0.0620245
