0 0.450236 0.760784 0.0448108 0.0718859
2 0.416393 0.355913 0.0291681 0.0250674
0 0.342129 0.479889 0.0185604 0.0562412
3 0.825678 0.675407 0.0791426 0.0910037
3 0.40562 0.612672 0.0348155 0.0563654
2 0.493037 0.3878 0.0418158 0.0576139
0 0.536094 0.729189 0.0373305 0.0724739
3 0.406583 0.597043 0.0362845 0.0849667
3 0.64324 0.540335 0.0428001 0.0570324
0 0.832018 0.609153 0.0454559 0.0821932
7 0.473307 0.356569 0.0353155 0.0468706
3 0.317292 0.575975 0.0410092 0.0515834
3 0.5678 0.475676 0.0327078 0.0569665
0 0.414896 0.484016 0.0226019 0.0787088
