2 0.570585 0.534235 0.123832 0.147657
2 0.807248 0.572625 0.165138 0.155003
2 0.504031 0.403272 0.0706133 0.0838844
3 0.0972383 0.47849 0.05788 0.0502582
0 0.404844 0.556977 0.0436548 0.0990933
2 0.607461 0.391501 0.0609436 0.0844687
2 0.842295 0.757865 0.304289 0.220718
3 0.274435 0.54789 0.0402163 0.0818645
3 0.410392 0.602704 0.0515124 0.0758879
0 0.877841 0.540437 0.0380045 0.108766
0 0.81664 0.473161 0.0335411 0.0562021
2 0.460483 0.326027 0.0400984 0.0492422
3 0.723198 0.444786 0.0384895 0.0834528
3 0.656618 0.360984 0.02259 0.058124
2 0.822885 0.439323 0.0777828 0.0953189
2 0.33725 0.281217 0.0252644 0.033019
0 0.403157 0.547686 0.0368248 0.0799547
0 0.723617 0.443003 0.0379087 0.0825838
2 0.436958 0.280169 0.0317022 0.0353196
0 0.277269 0.494315 0.0337064 0.0572401
