2 0.710669 0.688978 0.216663 0.209675
2 0.285961 0.323324 0.0398918 0.0465152
2 0.408243 0.325204 0.0356199 0.0349393
0 0.417681 0.724647 0.0459785 0.116355
2 0.357678 0.295253 0.0298136 0.0291077
3 0.531126 0.614816 0.0419538 0.102618
3 0.373622 0.486963 0.0239875 0.0725377
3 0.44674 0.400141 0.0198409 0.0491379
3 0.574301 0.552651 0.0449341 0.0719913
3 0.420648 0.468317 0.0230366 0.0415069
0 0.360381 0.360088 0.0137573 0.0388635
0 0.315649 0.41657 0.0167115 0.0424887
0 0.441137 0.561576 0.0283007 0.0711228
