0 0.537449 0.760459 0.054105 0.0728454
0 0.347484 0.525251 0.0244229 0.0778195
2 0.455568 0.41112 0.0557165 0.060514
5 0.535207 0.475777 0.0958994 0.11033
3 0.347265 0.52834 0.024467 0.0723098
3 0.630079 0.54467 0.0449835 0.0795197
3 0.385661 0.489603 0.020902 0.0554939
3 0.637437 0.55918 0.0306182 0.0496668
3 0.696447 0.613936 0.0600881 0.0891255
2 0.15224 0.740221 0.0982692 0.107964
0 0.634776 0.489104 0.0270112 0.052845
0 0.192094 0.76894 0.0179437 0.0476211
0 0.710625 0.560926 0.0405198 0.0943524
0 0.404976 0.450276 0.0146601 0.0533606
