2 0.190438 0.618455 0.174756 0.174281
2 0.54595 0.363147 0.0287802 0.0299962
0 0.163477 0.745215 0.066502 0.0976403
3 0.723646 0.550691 0.0378397 0.0736023
3 0.387023 0.540037 0.0669402 0.0594566
2 0.666775 0.442889 0.108632 0.0664736
0 0.723962 0.550401 0.0381422 0.0720012
3 0.479455 0.555812 0.0646941 0.0629741
3 0.301758 0.475203 0.0283083 0.0523625
3 0.478511 0.401999 0.0210769 0.0369952
3 0.673461 0.477073 0.0496689 0.0586894
2 0.203186 0.765179 0.105081 0.0613346
2 0.568264 0.32125 0.0204272 0.0225735
2 0.494281 0.323559 0.0265241 0.0202597
2 0.850813 0.388334 0.0543269 0.0686396
3 0.466337 0.560089 0.0377572 0.0579773
3 0.366144 0.461555 0.0307986 0.0625222
3 0.840251 0.641679 0.0724619 0.189536
3 0.381884 0.543534 0.0537061 0.0503849
