0 0.554603 0.480686 0.0229549 0.0593764
3 0.709123 0.629223 0.0510283 0.0762119
3 0.50608 0.438116 0.0243004 0.0495105
3 0.63945 0.508142 0.027648 0.0602988
2 0.15134 0.744152 0.0950534 0.101576
0 0.318141 0.582485 0.0240791 0.0506838
0 0.569937 0.555996 0.0330981 0.0909117
0 0.641879 0.457609 0.0227491 0.0541678
0 0.640165 0.500635 0.0274295 0.0700745
3 0.570761 0.559924 0.0343475 0.0858768
0 0.316482 0.571421 0.0264451 0.0765349
7 0.151141 0.743428 0.096216 0.102089
0 0.567751 0.546934 0.0266941 0.0714372
3 0.869972 0.56473 0.0528073 0.0670468
0 0.641468 0.477167 0.0244711 0.0930379
