2 0.51774 0.638784 0.141459 0.137371
2 0.33256 0.367585 0.077105 0.0485261
7 0.620759 0.336142 0.0676963 0.073327
2 0.727116 0.366022 0.0538763 0.0375026
0 0.697365 0.467949 0.024837 0.0617039
2 0.785992 0.418212 0.0652223 0.069589
3 0.135021 0.666969 0.0631698 0.100643
7 0.581938 0.486364 0.109396 0.131517
2 0.877526 0.353829 0.0361596 0.0389118
0 0.537977 0.349678 0.0156909 0.0390819
3 0.434837 0.371361 0.0281597 0.0399173
3 0.722033 0.589948 0.0339028 0.0674466
3 0.65837 0.572472 0.0351726 0.0834039
0 0.725714 0.521583 0.0230122 0.0570646
0 0.643739 0.658871 0.0361319 0.0915292
0 0.658496 0.572365 0.0354303 0.0826474
0 0.318049 0.695751 0.0458644 0.0896146
3 0.31747 0.696661 0.0500364 0.0917113
3 0.320596 0.704136 0.0396378 0.0766926
