2 0.711562 0.732378 0.192009 0.122228
2 0.386185 0.499165 0.0623763 0.0878648
0 0.280932 0.448837 0.0205372 0.0621609
3 0.368935 0.696124 0.0417231 0.115093
3 0.72618 0.577442 0.0474288 0.0814795
0 0.366874 0.67204 0.0382461 0.088007
3 0.60738 0.578553 0.0449369 0.0739233
3 0.324538 0.476366 0.0192888 0.0564123
7 0.818537 0.521243 0.154824 0.19449
3 0.469479 0.384002 0.0155493 0.0364463
3 0.507246 0.434953 0.0211838 0.0511611
3 0.364073 0.39517 0.0312274 0.0463959
2 0.410193 0.312121 0.0217916 0.0253143
