2 0.809315 0.631931 0.169239 0.135458
2 0.608832 0.637396 0.127425 0.138354
2 0.847369 0.762352 0.0959599 0.0637117
2 0.597843 0.513199 0.0787607 0.0882577
0 0.137735 0.754611 0.0542815 0.0819383
2 0.479012 0.402516 0.0495291 0.0492529
3 0.613777 0.446327 0.0309601 0.0559863
2 0.157682 0.648882 0.0920835 0.0613297
3 0.713703 0.518056 0.0429602 0.0601578
0 0.395366 0.500678 0.0229354 0.0641056
3 0.307082 0.483723 0.0385539 0.0520241
2 0.335451 0.369589 0.0302317 0.0431678
3 0.359169 0.483213 0.0285456 0.0424412
3 0.424177 0.461029 0.0311834 0.0559047
3 0.357831 0.471517 0.0296784 0.0629769
3 0.418416 0.584896 0.0413761 0.0614608
3 0.408815 0.578223 0.0326998 0.0596602
3 0.416537 0.574436 0.048364 0.0792221
0 0.418421 0.4595 0.020004 0.054524
