2 0.399813 0.582415 0.100831 0.109061
2 0.817117 0.639544 0.156081 0.123015
2 0.279569 0.692402 0.16751 0.179764
3 0.427394 0.76982 0.0590091 0.0550126
0 0.622799 0.512419 0.0191008 0.0575809
3 0.359063 0.450349 0.0221603 0.0532822
5 0.279364 0.693506 0.166064 0.18085
3 0.508068 0.611535 0.0354296 0.0622177
3 0.558769 0.579381 0.0266846 0.0465108
3 0.456056 0.654443 0.0316186 0.0546773
0 0.488484 0.554699 0.0270892 0.0773933
3 0.457747 0.640433 0.0367256 0.0779062
1 0.167849 0.427921 0.0293196 0.057686
