0 0.222669 0.772157 0.0415032 0.0505456
0 0.31298 0.508789 0.0214564 0.0796474
0 0.47848 0.484548 0.0150652 0.0530034
0 0.401806 0.500945 0.0186681 0.0553817
0 0.338771 0.752957 0.0431293 0.0879421
0 0.420588 0.63647 0.0303885 0.0592709
0 0.364821 0.684854 0.0287882 0.106835
0 0.697009 0.526363 0.0153946 0.0517659
0 0.365224 0.670985 0.0286214 0.0715989
0 0.31531 0.502731 0.0186115 0.0939134
0 0.580296 0.498386 0.0234381 0.0455557
0 0.364228 0.713298 0.0252077 0.0670706
3 0.419629 0.678032 0.0280977 0.0678964
