2 0.395082 0.373051 0.0419345 0.026901
2 0.515966 0.381413 0.023707 0.0308296
3 0.35589 0.596636 0.023256 0.0620766
3 0.493086 0.51408 0.0183685 0.0546336
0 0.356417 0.531187 0.0203715 0.0580828
2 0.647938 0.408974 0.0603552 0.0441456
1 0.679653 0.682262 0.031063 0.0643875
0 0.650831 0.778112 0.0372696 0.0377497
0 0.49295 0.512783 0.0188561 0.0557463
0 0.38636 0.516099 0.0165798 0.0539692
0 0.571456 0.700604 0.029924 0.10097
0 0.444287 0.460552 0.0129534 0.0449332
0 0.77691 0.530172 0.0165283 0.0624629
0 0.517655 0.488648 0.0141001 0.0520839
