2 0.727138 0.524048 0.0927082 0.0833875
2 0.176094 0.457559 0.104329 0.0538262
2 0.485424 0.372011 0.0299648 0.049476
2 0.287407 0.689592 0.133886 0.0852684
5 0.672423 0.655976 0.192722 0.27108
0 0.495313 0.499998 0.0263328 0.0739918
7 0.705756 0.719363 0.139738 0.151476
2 0.543569 0.459275 0.0583259 0.113397
3 0.610396 0.495042 0.0219461 0.0586529
0 0.453453 0.525789 0.0184851 0.0705917
2 0.443138 0.352786 0.0264012 0.0357233
7 0.551241 0.381085 0.0534613 0.0627532
3 0.167304 0.501493 0.0569427 0.0587341
0 0.418468 0.50286 0.0225126 0.0570035
7 0.543928 0.459708 0.0582464 0.112813
0 0.854935 0.677234 0.0342724 0.0756643
2 0.547804 0.478424 0.0495613 0.0766207
2 0.164929 0.463203 0.0804763 0.0526416
0 0.456196 0.497409 0.0201309 0.0546117
2 0.678273 0.326798 0.0357216 0.0297142
