3 0.214445 0.578787 0.0699646 0.0963826
2 0.855976 0.392609 0.068873 0.0562223
3 0.539756 0.559853 0.0467722 0.071534
3 0.451469 0.718034 0.0758718 0.0883318
3 0.32382 0.580921 0.073902 0.07263
3 0.442482 0.52341 0.0573718 0.0880769
0 0.55195 0.750753 0.0496281 0.0923963
3 0.541449 0.758079 0.0726445 0.0784012
3 0.137346 0.524499 0.0662558 0.0712775
0 0.451256 0.679188 0.0449476 0.0828672
3 0.598939 0.472294 0.0352037 0.0444091
3 0.480309 0.434345 0.04805 0.0561806
7 0.365878 0.287761 0.0451531 0.059874
3 0.86335 0.476175 0.0437709 0.0706412
3 0.707534 0.622707 0.0369299 0.0654889
3 0.546081 0.435342 0.0372996 0.0473517
3 0.682338 0.423077 0.0645218 0.0572657
3 0.757689 0.415848 0.0290538 0.0525435
3 0.885954 0.523944 0.0231344 0.0569297
0 0.717895 0.496978 0.0293514 0.0718698
0 0.455011 0.687478 0.0616959 0.0999071
3 0.779264 0.520125 0.0292084 0.0766842
