2 0.597152 0.381696 0.0290549 0.0363477
2 0.475396 0.43286 0.0377918 0.0515859
3 0.164338 0.698816 0.0798535 0.126768
0 0.668182 0.535382 0.020052 0.0730714
2 0.445729 0.398229 0.0449352 0.037427
2 0.51262 0.398937 0.0434212 0.0506811
3 0.623649 0.573887 0.0196362 0.0477472
3 0.623678 0.563919 0.0204531 0.0662128
0 0.568255 0.480066 0.0144249 0.0518655
2 0.607214 0.317711 0.0200112 0.0264643
0 0.597748 0.482198 0.0162015 0.0443392
3 0.406647 0.53237 0.0246848 0.0424145
2 0.558941 0.326117 0.0376052 0.0196012
3 0.315165 0.618793 0.0359844 0.0695011
0 0.285226 0.564427 0.0307648 0.0590479
3 0.408329 0.515168 0.0263127 0.0744783
0 0.408701 0.508221 0.0260472 0.0634262
0 0.604122 0.433533 0.0137688 0.032627
3 0.315031 0.606001 0.0373542 0.0915856
3 0.27785 0.606113 0.0312421 0.0584327
0 0.626457 0.440273 0.015961 0.0423401
