2 0.380673 0.456405 0.0528085 0.0737337
0 0.386936 0.741192 0.0482225 0.110769
2 0.449255 0.409751 0.0458789 0.0521446
2 0.476027 0.388815 0.0463112 0.0529104
0 0.178347 0.721932 0.0555099 0.122213
0 0.125967 0.731009 0.0440738 0.123816
2 0.240164 0.39669 0.0287189 0.0370566
0 0.590729 0.428125 0.0188975 0.0481139
3 0.280711 0.470231 0.0297559 0.0429157
3 0.67968 0.684505 0.059302 0.106116
0 0.686513 0.67034 0.0443238 0.0915628
0 0.680081 0.679704 0.057757 0.106147
3 0.325007 0.504481 0.0255755 0.0741301
3 0.59078 0.428854 0.0196257 0.0481508
