2 0.741103 0.489965 0.107979 0.0812946
2 0.679635 0.466353 0.108493 0.0960326
0 0.366428 0.496299 0.0355406 0.0665073
0 0.517369 0.743327 0.0657229 0.107425
0 0.52458 0.726521 0.051496 0.0770571
3 0.513422 0.774782 0.0602432 0.0453774
0 0.525826 0.738273 0.0561745 0.102606
3 0.355953 0.340822 0.0421488 0.0630844
0 0.839603 0.45315 0.026868 0.0667488
3 0.522653 0.764199 0.0809017 0.0653705
0 0.63839 0.614475 0.0457757 0.0802708
0 0.306303 0.767132 0.023503 0.0531398
3 0.837844 0.476445 0.0264553 0.0509137
