5 0.806224 0.401263 0.177993 0.129583
2 0.149251 0.745319 0.0911603 0.0966165
2 0.778992 0.630106 0.168804 0.134808
2 0.483014 0.45417 0.0605985 0.076134
2 0.381305 0.345282 0.0246985 0.0223235
0 0.451407 0.695612 0.032284 0.114644
0 0.40954 0.566419 0.0282948 0.0826662
2 0.596595 0.359544 0.0235634 0.0233543
0 0.2401 0.480997 0.0205928 0.0599987
2 0.414091 0.380581 0.0363704 0.0364655
0 0.624455 0.453443 0.0211124 0.0511439
2 0.627738 0.635311 0.154505 0.225214
2 0.538553 0.359147 0.0484885 0.0290848
0 0.430473 0.489423 0.0219271 0.0614281
0 0.353849 0.465239 0.0236653 0.0614394
0 0.492272 0.60425 0.032752 0.1064
0 0.452036 0.582825 0.0213904 0.058686
0 0.450666 0.569652 0.0235645 0.0779518
0 0.285384 0.43454 0.0172327 0.0480222
0 0.552654 0.411208 0.0152226 0.0384031
2 0.200568 0.434098 0.0191914 0.0450994
0 0.190562 0.466643 0.0179282 0.0485643
