2 0.568084 0.757065 0.117291 0.0758982
2 0.712935 0.43657 0.038965 0.0473909
3 0.520975 0.618999 0.0336501 0.0805402
2 0.743775 0.406056 0.0336478 0.0434347
2 0.670389 0.511363 0.0729245 0.101914
2 0.787759 0.388982 0.0258461 0.0255071
3 0.286519 0.767944 0.0658464 0.0576693
3 0.595221 0.495065 0.0229877 0.0491204
3 0.369266 0.678641 0.0461586 0.0734164
0 0.279296 0.57545 0.0172607 0.051968
0 0.594936 0.492605 0.021554 0.0529364
3 0.275014 0.705858 0.0556485 0.108074
3 0.484988 0.588498 0.0282658 0.0629731
0 0.576705 0.588326 0.0265013 0.0694728
3 0.575941 0.614394 0.0264483 0.0628166
0 0.521866 0.518339 0.0220451 0.0603178
0 0.595272 0.478845 0.0156947 0.0289059
