2 0.599891 0.359519 0.0342627 0.0304127
0 0.440617 0.646632 0.0354779 0.0706403
3 0.439579 0.685195 0.0447184 0.0770826
2 0.492727 0.382433 0.0369955 0.0368543
3 0.358324 0.448391 0.0189023 0.0356089
0 0.244018 0.431368 0.0171963 0.0478148
3 0.281473 0.458066 0.0178582 0.0483637
2 0.4815 0.333936 0.0233122 0.0296862
3 0.599353 0.428476 0.0229815 0.0394897
3 0.358959 0.440638 0.0207995 0.0472903
3 0.25705 0.497474 0.0215733 0.0579755
0 0.440105 0.663709 0.0407062 0.10605
0 0.256929 0.497004 0.0215005 0.0595669
3 0.257144 0.506667 0.0211826 0.0405802
