2 0.758271 0.570151 0.122093 0.0962228
2 0.1932 0.729876 0.179803 0.135366
2 0.348076 0.559198 0.102886 0.136687
2 0.536065 0.418774 0.0343572 0.0366271
0 0.545763 0.566533 0.0242374 0.068243
2 0.866789 0.571526 0.0582238 0.0676406
0 0.357436 0.457095 0.019672 0.0647116
2 0.430878 0.393189 0.0326954 0.0351724
3 0.498681 0.596758 0.0258019 0.055912
0 0.453453 0.514095 0.0223075 0.0624341
2 0.427387 0.339297 0.0188312 0.0224705
2 0.424716 0.392604 0.0427643 0.0394573
2 0.392443 0.674302 0.060739 0.0679384
0 0.452252 0.522293 0.0251947 0.0831461
3 0.155748 0.589736 0.0293572 0.0658373
0 0.548447 0.576289 0.0229609 0.0520471
3 0.550903 0.725752 0.0397661 0.0975624
