2 0.372346 0.465699 0.0845651 0.127382
2 0.27509 0.431902 0.0804767 0.093917
2 0.427648 0.67895 0.151214 0.282545
2 0.371407 0.367478 0.0507082 0.0689559
0 0.259127 0.532412 0.0373755 0.0945224
3 0.102348 0.477206 0.0745873 0.0651129
2 0.312621 0.337873 0.0594348 0.0666188
2 0.284777 0.426489 0.0598182 0.0819645
2 0.713776 0.70542 0.239312 0.276735
0 0.851506 0.777934 0.042646 0.168857
3 0.260804 0.571298 0.0354566 0.0779536
0 0.0952926 0.651708 0.0501448 0.146723
2 0.0198555 0.770575 0.0352084 0.175846
3 0.0957404 0.678488 0.0522548 0.104977
7 0.713542 0.704258 0.239394 0.276246
0 0.163237 0.629654 0.0439339 0.0749375
0 0.184696 0.518547 0.0359596 0.10769
