3 0.367681 0.461244 0.0192208 0.0543592
0 0.401025 0.53409 0.0251554 0.0706493
0 0.581251 0.502939 0.0211094 0.0544543
0 0.401216 0.523471 0.0240311 0.0481027
3 0.475046 0.574687 0.0355764 0.0806757
0 0.353649 0.559344 0.0237242 0.0823115
0 0.393728 0.447261 0.0186946 0.0486407
3 0.475824 0.587291 0.0358921 0.0622064
3 0.583497 0.530501 0.0262636 0.0325609
2 0.151146 0.741861 0.0958147 0.104252
3 0.582695 0.512158 0.0256643 0.0660341
3 0.405524 0.56053 0.0283115 0.0585815
3 0.409993 0.561877 0.0375982 0.0630262
0 0.582144 0.50995 0.0244193 0.0678183
3 0.456897 0.414046 0.0234025 0.040039
3 0.354564 0.561881 0.0266375 0.0841574
