5 0.835294 0.640397 0.122721 0.283303
2 0.701424 0.557037 0.131196 0.112199
2 0.556449 0.589269 0.108793 0.147632
2 0.42335 0.367853 0.035475 0.0492002
3 0.36202 0.510446 0.0255041 0.073712
3 0.473526 0.707692 0.0436236 0.113565
3 0.552472 0.449006 0.0358217 0.0558183
3 0.393258 0.453216 0.0204789 0.0567087
3 0.408591 0.584085 0.0331124 0.0582506
3 0.454776 0.535023 0.0263352 0.0612702
2 0.361226 0.298023 0.0264597 0.0224075
0 0.453878 0.517254 0.0261732 0.0695347
3 0.434961 0.443625 0.0198037 0.0509331
0 0.409486 0.403509 0.0148253 0.0431091
3 0.477626 0.726083 0.0351599 0.0803466
0 0.371994 0.371364 0.0146566 0.034027
0 0.798223 0.365725 0.0164085 0.043792
0 0.886327 0.330885 0.0173897 0.0518157
0 0.474306 0.686316 0.0403483 0.100619
