2 0.254055 0.475669 0.14955 0.0956568
2 0.637152 0.403795 0.113272 0.0837805
2 0.41412 0.704722 0.285044 0.175425
2 0.407806 0.52979 0.175926 0.147126
0 0.440682 0.547262 0.0341926 0.103894
3 0.198987 0.506035 0.0652184 0.0772303
0 0.505691 0.533443 0.0390055 0.102598
2 0.654603 0.532897 0.180308 0.16534
3 0.832027 0.584069 0.0410702 0.0921274
2 0.123061 0.753255 0.0387136 0.0813248
0 0.422341 0.433525 0.0396897 0.0534181
3 0.496577 0.443049 0.0406202 0.0491006
25 0.450071 0.30227 0.073837 0.0412969
2 0.684532 0.65476 0.218956 0.275647
3 0.546238 0.39871 0.0386849 0.0669843
3 0.499571 0.429418 0.0434925 0.0730819
0 0.882534 0.62959 0.0302753 0.126886
2 0.624699 0.535604 0.118921 0.15974
0 0.199233 0.498021 0.064322 0.0935716
3 0.491189 0.445542 0.0328112 0.0479396
