2 0.426234 0.488866 0.0938656 0.0874641
2 0.387795 0.610578 0.130494 0.175236
3 0.326219 0.448684 0.0206478 0.0594701
0 0.564875 0.68431 0.0367586 0.0997923
2 0.682631 0.337582 0.0297766 0.0302602
3 0.509676 0.503278 0.0266453 0.0630466
3 0.495852 0.373143 0.0343205 0.0449783
3 0.202723 0.628493 0.0541989 0.0995372
0 0.122435 0.604857 0.0324244 0.0871605
0 0.28271 0.430158 0.0260836 0.0726634
25 0.156586 0.442241 0.0771972 0.0303818
3 0.143098 0.734285 0.0783011 0.120562
0 0.7345 0.369056 0.0161103 0.0392881
3 0.565186 0.689854 0.0383258 0.107481
3 0.563121 0.70356 0.0342395 0.0819076
