2 0.496324 0.431459 0.040628 0.0551854
0 0.434704 0.726807 0.0359289 0.0899004
2 0.532351 0.389284 0.0355133 0.0355828
2 0.285589 0.689409 0.139841 0.0857087
3 0.434912 0.765463 0.0331184 0.0622057
0 0.567701 0.583803 0.0245715 0.0800923
3 0.625365 0.43972 0.0184226 0.0465219
0 0.520962 0.671537 0.0359317 0.0870308
0 0.514122 0.743065 0.0422133 0.108989
0 0.430334 0.548459 0.0254688 0.0683723
3 0.591927 0.423874 0.0202819 0.0435021
0 0.566998 0.572683 0.0227027 0.0599006
0 0.495554 0.527434 0.0276237 0.0706053
