2 0.451676 0.724269 0.149503 0.142349
2 0.84686 0.742557 0.098288 0.101957
2 0.571281 0.462899 0.055366 0.0751532
0 0.54456 0.542787 0.0268431 0.0721437
0 0.667333 0.544253 0.0234848 0.0529643
3 0.226485 0.74494 0.0714064 0.104705
3 0.59454 0.749167 0.0367998 0.0672181
3 0.483443 0.432532 0.0207437 0.0380215
3 0.537391 0.411246 0.0205194 0.0354148
3 0.253824 0.628086 0.0551281 0.0719883
0 0.225978 0.742702 0.0699428 0.108401
3 0.537861 0.404577 0.019812 0.0490184
3 0.539786 0.398015 0.0199232 0.0612985
0 0.238134 0.454336 0.0241961 0.0649402
3 0.740455 0.440427 0.0215334 0.0482687
0 0.597504 0.711905 0.0354967 0.0929901
3 0.598048 0.61438 0.0299307 0.0746312
0 0.694736 0.495343 0.0195024 0.057535
0 0.618778 0.482621 0.0210564 0.0516837
3 0.72791 0.540711 0.021141 0.0347756
3 0.48456 0.427855 0.0254145 0.0514989
0 0.598781 0.615033 0.0314779 0.0721075
