5 0.627025 0.44872 0.0969337 0.134734
3 0.189801 0.676296 0.0807991 0.0871564
2 0.774247 0.495595 0.0578066 0.0851903
3 0.545092 0.56047 0.0217406 0.0546517
2 0.751131 0.357875 0.0285802 0.0411467
2 0.70854 0.772174 0.114612 0.0455929
2 0.731085 0.414563 0.0392968 0.0438871
0 0.485551 0.726293 0.0453472 0.124302
0 0.470877 0.75891 0.0276477 0.0750743
2 0.712335 0.387192 0.0325013 0.0392986
3 0.624626 0.639477 0.0302854 0.0741079
3 0.406793 0.591213 0.0362675 0.0697931
3 0.359851 0.671336 0.0280068 0.0559141
0 0.435461 0.689778 0.0371786 0.0814227
3 0.546586 0.553115 0.023872 0.0649203
2 0.711047 0.488182 0.0220913 0.055256
0 0.434075 0.677556 0.0349093 0.0577482
2 0.786134 0.382233 0.0316284 0.0463995
