2 0.586863 0.668953 0.104676 0.117512
2 0.300486 0.574002 0.111625 0.0892583
2 0.73281 0.469283 0.0481139 0.0507681
2 0.389985 0.463431 0.0664822 0.0553171
2 0.577887 0.420465 0.0441503 0.0388417
2 0.664152 0.42574 0.0374794 0.0430736
2 0.243187 0.45469 0.0834569 0.0697155
2 0.628847 0.53641 0.0755245 0.110462
2 0.61374 0.342254 0.0216221 0.0298637
2 0.618537 0.46669 0.0369055 0.0470249
2 0.5508 0.360593 0.0297543 0.0298004
2 0.584133 0.369312 0.0280377 0.028889
2 0.793433 0.382182 0.0281018 0.0382502
2 0.853819 0.512833 0.0209111 0.049469
2 0.377716 0.40713 0.0335769 0.0348472
2 0.114617 0.631649 0.0215134 0.0570788
2 0.488643 0.39479 0.0432409 0.0366503
2 0.386832 0.401611 0.0508436 0.0442809
2 0.412543 0.370538 0.0481451 0.0388462
