2 0.741208 0.401686 0.0731436 0.0605039
2 0.607552 0.483648 0.117463 0.096927
3 0.160521 0.481077 0.0777683 0.0699376
3 0.413723 0.625702 0.0774932 0.0937258
3 0.234953 0.759591 0.122449 0.0754285
3 0.342521 0.618334 0.0673509 0.0695608
3 0.684867 0.56619 0.0450766 0.0773852
3 0.577459 0.642131 0.0576044 0.0762134
3 0.488797 0.526894 0.0567506 0.0943908
3 0.521437 0.62945 0.0633219 0.0724379
0 0.527769 0.589528 0.0485229 0.0868257
3 0.547021 0.388444 0.0361605 0.0607054
0 0.587156 0.601575 0.0420781 0.0896914
0 0.416472 0.574176 0.0372622 0.0585207
3 0.310272 0.552032 0.0816444 0.0690101
