2 0.702969 0.585929 0.13925 0.124492
2 0.774071 0.558448 0.161184 0.146611
2 0.411386 0.432289 0.0705353 0.0701281
2 0.546098 0.535235 0.12506 0.121651
0 0.27336 0.742631 0.0475198 0.106523
2 0.650267 0.476694 0.102822 0.0938238
2 0.859721 0.566441 0.0723343 0.103989
2 0.756059 0.47176 0.129453 0.100735
2 0.371647 0.383028 0.0496271 0.0535972
2 0.552063 0.412921 0.0666084 0.0627357
2 0.642652 0.422673 0.0785796 0.0584916
2 0.332912 0.354372 0.0433421 0.0396587
2 0.689327 0.6971 0.245256 0.195905
0 0.340574 0.723364 0.0484857 0.11563
3 0.237626 0.495793 0.0265633 0.0603296
0 0.416704 0.713527 0.040198 0.0875263
0 0.440032 0.698195 0.0390343 0.107836
0 0.440743 0.604174 0.0406624 0.102763
1 0.340859 0.750148 0.0470767 0.0832001
1 0.331415 0.598285 0.0364879 0.0644166
0 0.616547 0.767995 0.0456696 0.0590035
3 0.276624 0.478191 0.0189912 0.0515902
2 0.256116 0.306815 0.0351791 0.0375586
3 0.246446 0.649116 0.0297172 0.0712105
3 0.273681 0.74964 0.0466601 0.093619
3 0.248574 0.641328 0.0350698 0.0852402
0 0.364002 0.6198 0.0329885 0.089651
0 0.365128 0.532603 0.0259328 0.068721
