2 0.698016 0.593828 0.0797732 0.108973
2 0.854763 0.498645 0.0830063 0.0854145
2 0.473166 0.434848 0.0594952 0.0736586
2 0.803549 0.559912 0.0952739 0.10532
2 0.531329 0.37523 0.0395796 0.0493989
3 0.292099 0.635549 0.0444132 0.0893268
5 0.490626 0.352104 0.0471335 0.0582694
2 0.534365 0.460805 0.0738705 0.124449
0 0.313442 0.552624 0.0340506 0.0801735
3 0.183986 0.729858 0.0776894 0.122114
2 0.590504 0.367869 0.0285269 0.0466156
0 0.231869 0.46576 0.0219904 0.0596205
2 0.749287 0.430836 0.0704544 0.087936
3 0.342033 0.508098 0.0362702 0.0721679
3 0.36949 0.613725 0.0341573 0.0840782
3 0.645574 0.525857 0.060247 0.0695271
0 0.39255 0.446818 0.0331094 0.0724574
2 0.766165 0.491085 0.0571676 0.0854995
2 0.808153 0.454054 0.0563597 0.0585431
3 0.384035 0.523095 0.0300258 0.0727163
0 0.259359 0.555359 0.0385934 0.0736074
