2 0.297029 0.709171 0.160466 0.165528
2 0.842355 0.726779 0.107699 0.138581
0 0.445978 0.695211 0.0383724 0.0904051
7 0.419581 0.5013 0.111493 0.159604
5 0.430871 0.500947 0.135464 0.161731
3 0.226408 0.500621 0.0386718 0.0613099
2 0.750894 0.404197 0.0726722 0.0462673
0 0.509207 0.494545 0.0320048 0.0808473
0 0.517821 0.624336 0.0235328 0.0862211
0 0.318577 0.475382 0.0326981 0.0701694
3 0.318365 0.476159 0.0355396 0.0703483
0 0.377684 0.42148 0.0217271 0.0504765
3 0.448544 0.742427 0.0460827 0.0722084
