2 0.246538 0.649672 0.128224 0.244051
7 0.518672 0.341412 0.111863 0.145825
0 0.304299 0.384639 0.0156232 0.0617458
3 0.499226 0.440047 0.0556114 0.0729748
2 0.812239 0.816874 0.250302 0.102443
3 0.118884 0.420818 0.0555446 0.0645004
0 0.200631 0.495924 0.0352029 0.108519
9 0.219578 0.305583 0.0189805 0.037354
3 0.37466 0.474761 0.0411826 0.0596275
9 0.200271 0.248552 0.0218164 0.0820471
3 0.818706 0.557155 0.0509359 0.0624975
3 0.751274 0.491468 0.0364681 0.0621041
3 0.621116 0.387148 0.0258746 0.061553
9 0.945371 0.355403 0.0202264 0.0650117
0 0.371847 0.448977 0.0326252 0.06631
0 0.374642 0.445613 0.0245223 0.0603168
3 0.820331 0.56363 0.0471927 0.0464172
