2 0.572798 0.559873 0.0847211 0.106493
0 0.456645 0.746442 0.0490212 0.0985462
2 0.743559 0.649795 0.107515 0.176842
2 0.692789 0.484199 0.0518597 0.071848
2 0.777857 0.366982 0.0263733 0.0278337
3 0.121494 0.642141 0.0366643 0.0834678
3 0.439867 0.57281 0.0371439 0.0812121
2 0.763009 0.416552 0.0370508 0.0535794
3 0.311517 0.752998 0.0683269 0.0856449
3 0.438737 0.586283 0.0348976 0.0578146
2 0.790871 0.332408 0.0241165 0.0316106
3 0.594025 0.466167 0.0179384 0.0426909
3 0.120286 0.655239 0.0336699 0.0597601
0 0.306651 0.736252 0.036567 0.0930603
3 0.45603 0.748099 0.0499757 0.0949796
58 0.322347 0.581476 0.0483843 0.0362494
3 0.619657 0.473461 0.0167538 0.040529
