2 0.207931 0.450884 0.0835246 0.0458635
2 0.490349 0.515106 0.0744291 0.0977679
2 0.450717 0.409475 0.0606049 0.030251
2 0.624675 0.411444 0.0654161 0.0478607
2 0.413948 0.387907 0.0388956 0.0248091
2 0.113997 0.586245 0.0207068 0.0661072
2 0.576901 0.391825 0.0570719 0.0313489
3 0.118351 0.696237 0.0290778 0.0835147
2 0.312693 0.41664 0.070011 0.0378534
3 0.342186 0.498867 0.0179779 0.0520141
2 0.843024 0.367983 0.0495662 0.0253118
0 0.403217 0.45015 0.0132147 0.0327739
0 0.758954 0.499195 0.0237136 0.0755524
0 0.372681 0.484402 0.0161161 0.041748
0 0.403248 0.454346 0.0156557 0.039092
0 0.77004 0.495886 0.0187332 0.0752233
