2 0.446977 0.549669 0.0623165 0.0957118
2 0.522802 0.472223 0.0473585 0.0658409
2 0.583501 0.410468 0.0359841 0.0439753
2 0.525941 0.374689 0.0293897 0.0393227
2 0.466087 0.434701 0.0390441 0.0499699
2 0.564645 0.373054 0.0236246 0.0262954
0 0.353429 0.527221 0.0184129 0.0579764
2 0.66477 0.409534 0.0684082 0.0362565
7 0.43678 0.391536 0.0374338 0.0669828
2 0.682674 0.410374 0.0357944 0.0342433
0 0.366245 0.456691 0.0123668 0.0403876
2 0.63231 0.500473 0.0457821 0.0654331
0 0.411944 0.683111 0.027232 0.0944304
0 0.366845 0.630565 0.0261514 0.0535092
2 0.334509 0.383524 0.0276733 0.0322691
2 0.550993 0.346428 0.0187292 0.0240157
2 0.164608 0.532441 0.0598132 0.0593841
7 0.735699 0.673831 0.158501 0.236388
2 0.650004 0.407258 0.0451762 0.0364727
