2 0.55825 0.566337 0.118474 0.130569
2 0.175467 0.548446 0.143488 0.128964
2 0.464253 0.468757 0.0788518 0.0859366
2 0.667152 0.430989 0.0786054 0.0668658
2 0.364309 0.385195 0.0558643 0.0638347
2 0.416306 0.364265 0.0449413 0.052566
2 0.277261 0.334791 0.0360155 0.0415533
2 0.574939 0.420533 0.0766495 0.0747408
2 0.235996 0.278822 0.0321836 0.0286634
2 0.816304 0.505242 0.14531 0.107751
0 0.647603 0.743734 0.0511149 0.108312
0 0.774956 0.755522 0.0465856 0.0804816
2 0.346641 0.337124 0.0507458 0.0516475
0 0.812422 0.740763 0.0283302 0.100851
2 0.439465 0.331812 0.0403083 0.0361482
0 0.842634 0.751558 0.0537762 0.0910972
2 0.481988 0.397868 0.0983364 0.103452
0 0.871817 0.728737 0.0438377 0.120562
2 0.299508 0.31757 0.0390636 0.0306649
2 0.818063 0.52581 0.150156 0.149733
0 0.865588 0.718423 0.0326225 0.0991501
0 0.644525 0.743158 0.035749 0.10901
0 0.744751 0.767244 0.030888 0.0568338
0 0.812176 0.725922 0.0294321 0.0693258
