2 0.836875 0.73644 0.118699 0.115444
2 0.313436 0.502602 0.204895 0.1804
7 0.692077 0.484505 0.0958917 0.192186
2 0.633621 0.3793 0.0710608 0.0560715
2 0.152415 0.40064 0.0651709 0.0496018
0 0.766427 0.429067 0.022311 0.0640093
2 0.808618 0.335115 0.0624756 0.0561814
2 0.801282 0.338964 0.0506489 0.0473176
2 0.69306 0.378243 0.0915476 0.0633752
2 0.117156 0.416195 0.0264967 0.0427886
0 0.469071 0.385577 0.0133171 0.0380594
3 0.765398 0.435231 0.0235 0.053025
2 0.706384 0.374876 0.0660232 0.0558774
2 0.849257 0.298508 0.0294848 0.0227778
2 0.745127 0.337414 0.0365591 0.0284139
