2 0.458016 0.441799 0.036215 0.0467766
2 0.492234 0.523568 0.0476295 0.0741072
2 0.600725 0.537965 0.0612255 0.0871298
7 0.472211 0.702307 0.100712 0.184858
2 0.510732 0.47748 0.0395104 0.0576777
2 0.332627 0.594966 0.0744328 0.0967631
2 0.564658 0.467134 0.0376771 0.0502202
5 0.691494 0.706099 0.158448 0.165044
0 0.449282 0.574117 0.021092 0.0672565
7 0.691621 0.708787 0.158223 0.167908
2 0.416841 0.474591 0.0173354 0.0368308
2 0.482518 0.377719 0.0237328 0.0261954
3 0.57638 0.700373 0.0297592 0.06657
