2 0.444021 0.404207 0.0303998 0.04078
2 0.409508 0.442067 0.0376625 0.0480612
2 0.399228 0.510881 0.0575082 0.0873623
3 0.308932 0.561713 0.0275989 0.0636077
3 0.189239 0.697228 0.0507299 0.0943812
3 0.298007 0.735788 0.0317884 0.0743385
0 0.306556 0.51708 0.0280134 0.0607057
3 0.181807 0.705799 0.0353936 0.0756409
3 0.735808 0.448672 0.0231398 0.0374588
3 0.298187 0.722623 0.0322697 0.0533738
7 0.54308 0.360192 0.0810973 0.145586
0 0.298999 0.689072 0.0344882 0.0575027
0 0.270639 0.480814 0.0170678 0.0372771
