2 0.360589 0.438397 0.0664455 0.0645541
2 0.394936 0.456281 0.0574241 0.0722809
7 0.473629 0.725961 0.260432 0.131101
2 0.649261 0.410366 0.0444981 0.0437878
2 0.675576 0.449428 0.0503774 0.0914343
2 0.480587 0.385368 0.0625586 0.0408308
2 0.444603 0.373567 0.0397736 0.0277373
2 0.266314 0.407253 0.0307326 0.039325
7 0.2349 0.514158 0.107379 0.185477
7 0.858548 0.584241 0.0742722 0.210062
2 0.859887 0.584141 0.0738007 0.212824
2 0.567334 0.368514 0.0462829 0.0270508
0 0.777888 0.435776 0.0172199 0.0478664
2 0.561915 0.371571 0.0393238 0.0297808
2 0.30967 0.34415 0.0235443 0.0257829
0 0.804589 0.457343 0.0230391 0.0585061
0 0.762932 0.382219 0.0140123 0.0328113
0 0.826684 0.481235 0.0268384 0.0484556
3 0.735315 0.450219 0.0214874 0.0327894
3 0.830712 0.516067 0.0262403 0.0580345
2 0.312161 0.347904 0.0197641 0.020177
0 0.828466 0.493903 0.0255751 0.0718996
0 0.713835 0.411612 0.0170157 0.0443636
