2 0.424199 0.47222 0.0727082 0.0675622
2 0.601408 0.407884 0.0716171 0.0505608
5 0.744154 0.454921 0.0936496 0.118689
2 0.743771 0.374018 0.0329281 0.0375732
2 0.80581 0.398074 0.0448143 0.0476217
3 0.164562 0.719327 0.057795 0.110555
3 0.139136 0.493504 0.0257338 0.0555407
2 0.783823 0.348636 0.0296171 0.0338111
3 0.697455 0.517935 0.0545506 0.0541927
0 0.217786 0.428267 0.0157249 0.0568579
3 0.635537 0.481455 0.051288 0.0569932
0 0.796385 0.555608 0.0320149 0.0765325
3 0.349373 0.467912 0.0211821 0.0520919
7 0.744501 0.455113 0.091257 0.119236
3 0.228465 0.510116 0.0258999 0.0466401
7 0.47298 0.73557 0.260801 0.111504
3 0.796788 0.571869 0.0311632 0.0583868
2 0.720649 0.319971 0.0243076 0.0252617
3 0.797333 0.559222 0.0336968 0.0837018
3 0.15856 0.732827 0.0442774 0.0800216
0 0.372204 0.435918 0.0172245 0.0456187
3 0.227112 0.502566 0.0312781 0.0661777
0 0.337422 0.421797 0.0162947 0.0457843
