2 0.764472 0.514362 0.107705 0.116921
3 0.531429 0.484035 0.037937 0.0883273
2 0.787896 0.259031 0.0432642 0.0476772
3 0.584805 0.438192 0.0374206 0.0653029
3 0.12891 0.336007 0.0227194 0.0478147
0 0.176661 0.541632 0.0420693 0.0964556
3 0.714939 0.341399 0.0199499 0.0509478
3 0.208627 0.344244 0.024259 0.0510112
0 0.262936 0.742137 0.0876018 0.106758
0 0.27097 0.343329 0.019813 0.0480752
3 0.7515 0.647199 0.0478352 0.115372
3 0.67638 0.361825 0.0216937 0.0541199
2 0.85166 0.272537 0.0305945 0.0355136
0 0.751571 0.647409 0.0481636 0.115539
3 0.224189 0.425902 0.0324972 0.0737582
2 0.123857 0.739508 0.03969 0.112355
2 0.854931 0.268593 0.0372387 0.0441546
3 0.177498 0.551204 0.0425923 0.0802184
