2 0.582698 0.375691 0.0259739 0.0290585
2 0.524396 0.50247 0.0716774 0.0918723
0 0.605686 0.731674 0.0342075 0.112098
3 0.508223 0.75908 0.0407245 0.0719353
3 0.548917 0.676109 0.0314643 0.0886493
3 0.577804 0.544166 0.025118 0.0674771
3 0.602942 0.764289 0.0274908 0.0568573
3 0.461404 0.759029 0.0324327 0.0583899
3 0.650622 0.645262 0.0259989 0.0545126
2 0.589345 0.468152 0.0190498 0.043565
0 0.527578 0.403972 0.0132862 0.0354283
3 0.547247 0.691312 0.0280347 0.0672861
3 0.613989 0.516026 0.020258 0.056582
3 0.604191 0.745859 0.0315044 0.0917207
3 0.651711 0.631322 0.0276558 0.0771547
2 0.602 0.346383 0.0193548 0.0251978
3 0.463803 0.731198 0.0353403 0.101559
3 0.575948 0.553209 0.0254093 0.0539704
0 0.468199 0.705201 0.0331123 0.0750192
