2 0.303945 0.680606 0.191082 0.225106
2 0.69238 0.420922 0.0997548 0.0562731
2 0.161056 0.691689 0.115021 0.204009
3 0.493598 0.550977 0.0305359 0.0755621
2 0.518453 0.394718 0.0411764 0.0462062
0 0.440838 0.49845 0.0233455 0.0668532
0 0.421238 0.578536 0.0280726 0.0819421
3 0.253291 0.587071 0.0357001 0.0802356
2 0.581958 0.3628 0.0332946 0.0448742
3 0.420806 0.580522 0.027967 0.080709
0 0.395078 0.526322 0.0275432 0.0690137
3 0.276646 0.524511 0.0263571 0.05353
0 0.456681 0.449614 0.0203024 0.0694456
2 0.676097 0.308706 0.0237132 0.0244063
3 0.284126 0.51062 0.0391713 0.0758747
0 0.153233 0.563949 0.0453289 0.0723899
3 0.845763 0.669976 0.0777726 0.0978229
