2 0.222414 0.494098 0.0734623 0.0782739
2 0.679739 0.45738 0.0588839 0.0734394
3 0.843717 0.39934 0.0206987 0.0481476
7 0.336133 0.493806 0.0929082 0.14283
7 0.257127 0.621939 0.187165 0.326876
2 0.724022 0.431045 0.0274896 0.0490538
2 0.782093 0.342341 0.0229095 0.0260092
0 0.875031 0.554045 0.0168704 0.0733914
7 0.563193 0.392371 0.0679189 0.0573324
2 0.388809 0.36989 0.0369546 0.0359785
0 0.779831 0.449045 0.0240456 0.064605
0 0.829483 0.638546 0.0333531 0.0938026
7 0.476067 0.750875 0.256115 0.0840236
3 0.819424 0.636886 0.053932 0.100082
0 0.821021 0.635522 0.0515709 0.101545
2 0.782285 0.332214 0.0236225 0.0470713
0 0.467384 0.393682 0.0154987 0.0329492
0 0.778261 0.434231 0.0233793 0.0470659
2 0.288653 0.373602 0.0280926 0.0411428
3 0.782476 0.458787 0.023289 0.0513284
0 0.481457 0.369458 0.0116994 0.0247694
0 0.384551 0.699265 0.021794 0.0776245
3 0.608585 0.38426 0.016946 0.0295213
