2 0.520974 0.62494 0.103566 0.132158
2 0.630809 0.637859 0.100465 0.134655
2 0.710042 0.460153 0.0472859 0.0582859
2 0.78262 0.37661 0.0330412 0.0455931
2 0.67782 0.401535 0.0421959 0.050799
2 0.728582 0.399154 0.0333342 0.0471718
3 0.258351 0.74522 0.0801411 0.092777
7 0.678014 0.401715 0.0425079 0.050482
0 0.38621 0.621909 0.0345972 0.0911645
2 0.794491 0.30629 0.028613 0.0268546
3 0.38393 0.639486 0.0325432 0.0660014
0 0.621496 0.443225 0.017672 0.0465704
3 0.593471 0.484037 0.0240507 0.0535056
7 0.573768 0.382983 0.0313362 0.0303077
0 0.38795 0.606793 0.0297571 0.0655902
