2 0.621568 0.645248 0.141835 0.188161
2 0.851544 0.701939 0.0894912 0.180776
2 0.251109 0.448685 0.0933097 0.10463
2 0.710533 0.332854 0.0615611 0.0577289
2 0.767709 0.433938 0.0730627 0.076152
2 0.791952 0.35069 0.0620267 0.059762
7 0.67809 0.46333 0.227431 0.149973
3 0.398727 0.538272 0.0558371 0.0769766
3 0.465561 0.570936 0.038233 0.0808962
0 0.745829 0.696606 0.0477262 0.10079
2 0.823921 0.274666 0.0398575 0.0422836
3 0.740636 0.742711 0.0454709 0.0823562
2 0.830751 0.377467 0.0282354 0.0581519
3 0.698025 0.528685 0.0775984 0.0758816
3 0.528635 0.416037 0.0544375 0.0537469
3 0.734639 0.750044 0.0391083 0.0717861
2 0.830091 0.385131 0.0266127 0.0431327
2 0.848393 0.244938 0.0327665 0.038398
