2 0.180168 0.655045 0.151385 0.228046
5 0.672125 0.436426 0.0500669 0.076303
0 0.423579 0.761155 0.0557556 0.0681546
0 0.534966 0.730491 0.0548493 0.129085
0 0.543861 0.622907 0.0461012 0.0907211
2 0.514248 0.420618 0.048723 0.0524585
2 0.602894 0.429832 0.0423046 0.0545913
3 0.643915 0.528311 0.0245693 0.069797
3 0.275419 0.503805 0.0444574 0.0719286
2 0.603941 0.415896 0.036541 0.0261421
3 0.380842 0.464024 0.0268812 0.0657433
0 0.64402 0.521993 0.0247738 0.0796684
3 0.643283 0.539884 0.0237957 0.0471471
0 0.605702 0.512199 0.0233541 0.0628997
0 0.277793 0.483229 0.0250878 0.0627939
3 0.270578 0.513259 0.0327607 0.051861
3 0.379516 0.472952 0.0268904 0.0517442
