3 0.246406 0.707163 0.0869789 0.120292
3 0.607312 0.471406 0.024902 0.0418571
3 0.522545 0.610238 0.0406917 0.0588417
3 0.319807 0.739407 0.0743026 0.090558
3 0.522712 0.597677 0.0407343 0.0835907
2 0.270027 0.409551 0.0377569 0.0375187
3 0.488867 0.465746 0.0219136 0.0448813
3 0.383334 0.613116 0.0548606 0.0823987
0 0.240735 0.697641 0.0727215 0.133667
3 0.444902 0.493807 0.0274691 0.0553882
3 0.633714 0.448295 0.0202181 0.0339796
3 0.545116 0.483158 0.0223755 0.0512936
3 0.41755 0.542231 0.0357401 0.0555716
0 0.445326 0.492962 0.0248903 0.0533808
0 0.323127 0.718744 0.0479611 0.0897903
3 0.322873 0.725792 0.0667212 0.097582
3 0.584473 0.458371 0.0236577 0.0376056
0 0.320206 0.72445 0.0715931 0.103
2 0.242008 0.387457 0.0248017 0.0270911
0 0.318843 0.713637 0.0351433 0.079816
