2 0.620196 0.499832 0.0993185 0.0865279
2 0.867385 0.585487 0.0580288 0.091664
2 0.749786 0.5007 0.144243 0.0848129
2 0.780773 0.61373 0.188381 0.150051
2 0.264717 0.690852 0.114132 0.210193
2 0.580552 0.32526 0.0231819 0.0260343
0 0.378237 0.734549 0.0378604 0.113723
5 0.781159 0.61345 0.190478 0.149426
7 0.146214 0.557428 0.0864972 0.185993
0 0.370964 0.439215 0.0140307 0.0398139
0 0.371467 0.445875 0.0164235 0.0519699
2 0.373263 0.314765 0.0297117 0.0336999
0 0.332493 0.382453 0.0122398 0.0379306
2 0.437215 0.388503 0.0392647 0.0598441
3 0.369277 0.529506 0.0227712 0.0582933
2 0.267659 0.553933 0.091245 0.121253
0 0.374188 0.371763 0.0142225 0.0419586
0 0.564834 0.649689 0.0369893 0.0506605
0 0.566014 0.674666 0.0425108 0.100268
2 0.475025 0.305699 0.0260878 0.0274111
2 0.369779 0.533137 0.023104 0.0607533
3 0.688682 0.448891 0.0310259 0.056739
0 0.801055 0.453076 0.027031 0.0505329
