2 0.815527 0.561133 0.100684 0.09751
2 0.685298 0.453018 0.0619044 0.0724547
2 0.667073 0.377834 0.0378355 0.0412902
2 0.767258 0.451164 0.0647131 0.0803984
5 0.479761 0.538081 0.132652 0.222592
0 0.539686 0.693083 0.0485685 0.100333
0 0.676804 0.709594 0.0428487 0.10993
0 0.604271 0.696083 0.0458626 0.117749
2 0.455173 0.429305 0.0662515 0.0818955
2 0.49933 0.401357 0.0321539 0.0359596
3 0.305612 0.57855 0.0478101 0.090451
0 0.72197 0.625712 0.0338831 0.0795643
0 0.625923 0.555709 0.0320127 0.0613825
2 0.674345 0.306938 0.0198396 0.0209632
3 0.194041 0.55193 0.0426924 0.0726404
0 0.290996 0.506713 0.0324749 0.0680375
3 0.718688 0.654789 0.0387426 0.0746075
0 0.622875 0.563795 0.0391996 0.0794284
3 0.298594 0.588807 0.0307117 0.0658562
3 0.677212 0.751195 0.0365465 0.0558816
7 0.48221 0.537424 0.129619 0.223816
0 0.556465 0.642078 0.0382793 0.0767461
3 0.40717 0.428626 0.0245198 0.0507769
