2 0.574058 0.455383 0.0511646 0.0586835
3 0.140828 0.671502 0.0743763 0.146598
0 0.604402 0.531659 0.031612 0.0796385
3 0.349727 0.494308 0.0353305 0.0819084
3 0.416148 0.43853 0.02077 0.0549152
3 0.480462 0.416524 0.0169739 0.0350432
0 0.183226 0.537191 0.0574549 0.0863951
9 0.258688 0.32546 0.0120776 0.0324808
0 0.51707 0.371929 0.0119266 0.0278778
3 0.348612 0.506174 0.0329621 0.0584721
0 0.139143 0.636091 0.0690647 0.0985732
0 0.18723 0.531063 0.041835 0.0755893
3 0.182802 0.562773 0.0657218 0.0830751
0 0.678813 0.386667 0.0129955 0.0363257
