2 0.801397 0.640986 0.191016 0.15484
2 0.422209 0.576547 0.0920033 0.128214
2 0.586716 0.475505 0.0900746 0.0844106
2 0.735523 0.493228 0.121425 0.0951401
2 0.268232 0.693425 0.114286 0.204327
2 0.875293 0.593171 0.0426163 0.0831753
0 0.418066 0.385099 0.018645 0.0379956
2 0.375675 0.292425 0.0312532 0.0377149
3 0.815236 0.473056 0.0408227 0.0618603
2 0.336807 0.298806 0.0238743 0.0229005
3 0.593075 0.403384 0.0211773 0.0419002
2 0.244374 0.325593 0.0263955 0.0258071
3 0.639677 0.428399 0.0309034 0.0535761
2 0.818007 0.363462 0.0256402 0.0348926
