2 0.286024 0.470075 0.103718 0.0646833
3 0.370957 0.46043 0.0324376 0.0481503
9 0.732279 0.276946 0.0126337 0.0478355
0 0.825738 0.76412 0.0401357 0.0649727
3 0.507069 0.407844 0.0188629 0.035692
3 0.147423 0.532689 0.0616632 0.0579274
3 0.476006 0.413167 0.025938 0.0346085
2 0.570727 0.387872 0.0203243 0.0274052
2 0.241894 0.397606 0.0464017 0.0335561
3 0.610163 0.451619 0.0162966 0.0410576
9 0.732595 0.269549 0.0116939 0.03556
3 0.437118 0.445597 0.0273731 0.0452611
3 0.230591 0.511986 0.0533377 0.0587363
0 0.806465 0.699517 0.0526234 0.10064
0 0.470834 0.369666 0.0142857 0.0270484
0 0.632886 0.408499 0.0131261 0.03941
