2 0.808315 0.659973 0.176265 0.16916
2 0.705775 0.409898 0.101686 0.0623798
3 0.556745 0.481555 0.0567522 0.0805354
3 0.126411 0.541565 0.0445817 0.0729803
3 0.172143 0.385995 0.0312691 0.0575808
3 0.363785 0.428308 0.0392859 0.0627716
0 0.817556 0.542535 0.0786192 0.0827278
3 0.461776 0.481251 0.0534007 0.062771
0 0.469613 0.441193 0.0441687 0.0689671
3 0.816684 0.546279 0.0769207 0.0720568
2 0.137752 0.323951 0.0584367 0.0442777
2 0.145158 0.327193 0.0442818 0.0372957
2 0.882927 0.302432 0.0281811 0.0502584
3 0.300347 0.424288 0.0333834 0.0550753
3 0.28042 0.419943 0.0730018 0.0709073
0 0.826494 0.538853 0.0449874 0.0773385
5 0.692462 0.333056 0.110237 0.101316
3 0.856332 0.374512 0.0279743 0.0411165
