2 0.336994 0.650641 0.134231 0.208971
0 0.42231 0.729091 0.045319 0.130105
2 0.190028 0.67063 0.173742 0.240174
2 0.534371 0.699297 0.125049 0.1903
0 0.371257 0.77099 0.0423224 0.0509366
2 0.358495 0.417684 0.051746 0.0679411
2 0.36682 0.515544 0.0828099 0.107111
2 0.212393 0.407555 0.0708433 0.0511903
2 0.505197 0.562935 0.0736406 0.119903
2 0.452375 0.331757 0.0317128 0.0313672
2 0.397094 0.456648 0.0536182 0.0878384
2 0.233467 0.434619 0.0744435 0.0752188
2 0.421766 0.423352 0.0372562 0.0553484
2 0.397663 0.362546 0.0339671 0.0376293
2 0.504334 0.471542 0.0538728 0.0790611
0 0.752307 0.609227 0.0530791 0.108045
2 0.437288 0.369329 0.0329073 0.0519384
2 0.403209 0.345251 0.033218 0.0311641
3 0.86262 0.65966 0.0652842 0.103152
2 0.491874 0.414734 0.0394932 0.0301553
