2 0.750395 0.440862 0.0752058 0.0669171
2 0.234463 0.458763 0.129951 0.0914131
7 0.56237 0.527012 0.163948 0.195168
2 0.243275 0.70603 0.278498 0.168408
0 0.563925 0.677346 0.035056 0.0745539
3 0.123536 0.515411 0.0414567 0.0748635
2 0.87144 0.35433 0.0367729 0.0301051
2 0.804076 0.363343 0.0440853 0.0412346
0 0.523266 0.766809 0.0440134 0.060181
0 0.669559 0.470008 0.0285227 0.0580501
0 0.680921 0.625858 0.0346838 0.0939178
0 0.692655 0.558068 0.0305902 0.0664824
3 0.462625 0.371881 0.0241572 0.0454845
3 0.412473 0.395417 0.0350678 0.055139
3 0.414804 0.398052 0.0278772 0.0465203
3 0.83462 0.446518 0.0190544 0.0492337
0 0.683006 0.613393 0.0287163 0.0705024
2 0.811115 0.358932 0.0587365 0.047967
