2 0.453232 0.731684 0.0797163 0.118432
2 0.834533 0.630572 0.111991 0.095842
2 0.349426 0.500623 0.0238736 0.0497896
2 0.466493 0.51646 0.0448688 0.0619268
2 0.625715 0.374857 0.0278628 0.0255922
2 0.41892 0.325636 0.0189062 0.0231943
3 0.352355 0.59256 0.027062 0.0627901
7 0.482637 0.421594 0.0373459 0.0762472
3 0.409374 0.580295 0.0223536 0.0659004
0 0.696767 0.448478 0.0151773 0.0328428
3 0.330451 0.754282 0.0316086 0.0549294
2 0.465632 0.386179 0.0266969 0.0348825
3 0.767118 0.619735 0.0300658 0.0588039
3 0.352586 0.6033 0.0258583 0.049246
2 0.743288 0.342216 0.0322289 0.025883
