2 0.455292 0.691007 0.0996231 0.136282
2 0.42704 0.511828 0.0468191 0.0710138
2 0.414049 0.391311 0.0327182 0.0398246
0 0.579595 0.713241 0.0324047 0.0748623
7 0.344471 0.595104 0.145158 0.200814
2 0.443117 0.461167 0.0424913 0.0541432
3 0.16199 0.570938 0.0440412 0.0707939
3 0.575474 0.606504 0.026663 0.0760037
0 0.587831 0.498812 0.0210686 0.0561689
3 0.578962 0.764231 0.0280327 0.0468984
7 0.205417 0.737588 0.207168 0.113252
2 0.466507 0.403917 0.0285359 0.0369315
2 0.387632 0.377831 0.0318938 0.0408975
0 0.519526 0.449206 0.0170055 0.0442001
3 0.575373 0.621134 0.0261315 0.0520131
2 0.468698 0.396758 0.0299247 0.0480287
2 0.446967 0.422945 0.0367519 0.0476031
2 0.470746 0.387015 0.032457 0.0477177
3 0.579195 0.752863 0.0299644 0.0648954
3 0.234617 0.527343 0.024963 0.0469463
2 0.475082 0.381618 0.0285289 0.0358694
