2 0.502261 0.706403 0.137796 0.178236
2 0.60206 0.539691 0.0855927 0.0807217
2 0.452871 0.498758 0.0843331 0.0676042
0 0.379491 0.733862 0.0331337 0.112078
2 0.652641 0.517037 0.0848823 0.0709218
5 0.765848 0.65667 0.21581 0.221792
2 0.268996 0.473783 0.0388752 0.0410166
0 0.287527 0.762253 0.0365188 0.0630619
2 0.351255 0.453103 0.0888267 0.0499328
2 0.443159 0.41588 0.0408357 0.0424543
0 0.741489 0.518239 0.0276783 0.0606973
2 0.351381 0.392162 0.0237341 0.0308061
0 0.68969 0.477999 0.0210659 0.0528823
2 0.506534 0.425869 0.0415022 0.0328002
2 0.503605 0.41994 0.0470663 0.0432649
