2 0.485946 0.34109 0.0543671 0.0388976
2 0.837505 0.345307 0.0389202 0.0307298
7 0.727231 0.401926 0.0937796 0.0937193
7 0.503156 0.524007 0.179001 0.206399
0 0.755069 0.560382 0.0349711 0.0820865
7 0.274018 0.371253 0.122152 0.0811874
3 0.311964 0.43495 0.0391292 0.0598571
0 0.369655 0.683172 0.045151 0.0796474
2 0.560485 0.348086 0.051265 0.0558433
0 0.837832 0.451222 0.023002 0.0521425
2 0.559872 0.35594 0.0492754 0.0424034
0 0.76766 0.473964 0.0242966 0.0546592
2 0.575822 0.414799 0.0801439 0.0594533
0 0.808128 0.489662 0.0252078 0.0677828
3 0.830222 0.567035 0.0380783 0.0753775
2 0.560243 0.338241 0.0478973 0.0384654
7 0.594662 0.308732 0.0669907 0.058445
