2 0.280659 0.703656 0.15516 0.177316
2 0.139979 0.636854 0.07531 0.140943
2 0.732429 0.48947 0.0864719 0.0751018
7 0.737245 0.653742 0.151138 0.264972
2 0.140096 0.530832 0.0730933 0.0812809
2 0.45409 0.41353 0.0540428 0.0447834
2 0.810491 0.396757 0.0431706 0.0571145
2 0.341617 0.519696 0.0743527 0.101375
2 0.743725 0.440148 0.0702713 0.0615837
2 0.786211 0.37202 0.0316068 0.0419754
0 0.268659 0.608209 0.0199384 0.0408766
3 0.806058 0.503732 0.0290494 0.0568509
3 0.637596 0.396049 0.0222879 0.0346043
0 0.286754 0.606023 0.0211348 0.0412826
0 0.28069 0.60402 0.0341736 0.043563
3 0.354443 0.436724 0.0229537 0.0485495
