2 0.746834 0.553226 0.124499 0.107624
2 0.822618 0.410255 0.0648367 0.0566755
2 0.878984 0.391924 0.0339195 0.0533266
3 0.160037 0.574811 0.0916316 0.0792415
3 0.712678 0.755909 0.0616612 0.0789937
3 0.502992 0.746962 0.0732814 0.096094
7 0.432351 0.490147 0.222172 0.179448
3 0.569972 0.561843 0.0606827 0.0935345
0 0.723104 0.661733 0.0398792 0.0887981
3 0.627738 0.523826 0.0393949 0.0715494
3 0.258072 0.521258 0.073188 0.0837165
0 0.537301 0.658594 0.0535939 0.0951033
0 0.491684 0.59825 0.052395 0.083476
3 0.734559 0.448237 0.0280479 0.0593304
0 0.301434 0.732513 0.0418928 0.103106
3 0.598213 0.452679 0.0367668 0.0561723
5 0.431794 0.490014 0.22388 0.178884
3 0.76617 0.460972 0.0237868 0.0620426
3 0.326974 0.7376 0.0969518 0.0941074
3 0.662881 0.55082 0.0334235 0.0673749
3 0.667349 0.410028 0.0351627 0.0464909
0 0.506815 0.716463 0.0540462 0.0763517
0 0.86633 0.521118 0.0273537 0.0580978
