2 0.376943 0.530259 0.0768625 0.105299
5 0.374471 0.422933 0.0719906 0.12036
2 0.464443 0.391815 0.0407642 0.0502502
2 0.464321 0.650876 0.11121 0.208464
0 0.32898 0.766067 0.0351883 0.062348
0 0.181225 0.757949 0.0539584 0.0789812
0 0.289662 0.697216 0.0484649 0.0845896
0 0.318927 0.610582 0.0357991 0.111668
2 0.483074 0.438851 0.0483174 0.0610393
2 0.472221 0.329079 0.0223315 0.0272298
0 0.26505 0.653233 0.0432935 0.118594
3 0.319979 0.635378 0.0345114 0.0673723
2 0.477288 0.502076 0.061785 0.0923611
2 0.418419 0.310668 0.0392097 0.0330084
0 0.26382 0.628739 0.0441318 0.0693192
