2 0.741132 0.411152 0.084239 0.0641757
2 0.135219 0.320649 0.0641421 0.0482638
0 0.25562 0.603105 0.0522923 0.070153
0 0.25514 0.622142 0.0549503 0.109359
3 0.285386 0.42927 0.0578732 0.0668563
2 0.847123 0.337085 0.0491898 0.0452561
3 0.461058 0.46098 0.0521614 0.0549133
2 0.781537 0.320613 0.0409086 0.048602
2 0.682038 0.358001 0.0509667 0.0560031
2 0.788058 0.3174 0.0541336 0.0562203
7 0.706522 0.348707 0.100878 0.090417
2 0.251352 0.304502 0.0450643 0.035556
3 0.256617 0.651348 0.0602438 0.112063
3 0.669701 0.415939 0.0331714 0.0554308
3 0.623144 0.369018 0.0279621 0.0451796
