2 0.580536 0.648861 0.0883449 0.120234
2 0.465722 0.64683 0.121266 0.15384
5 0.463328 0.389602 0.0861681 0.0894958
2 0.393434 0.496187 0.0854602 0.0975621
2 0.540625 0.46209 0.0454514 0.0597678
2 0.618761 0.450518 0.0394512 0.0519267
0 0.646403 0.741199 0.0472561 0.107046
2 0.56919 0.38361 0.0271979 0.0322261
2 0.620828 0.39304 0.0314399 0.0373869
2 0.591574 0.338141 0.0226196 0.0325061
3 0.647681 0.762207 0.0396727 0.0674045
2 0.629491 0.328936 0.0218046 0.0227752
3 0.646812 0.771944 0.037427 0.0486211
