5 0.196455 0.674084 0.183758 0.238047
2 0.309085 0.529919 0.0852476 0.108892
2 0.31118 0.405936 0.0361926 0.0408769
2 0.755369 0.540108 0.0860906 0.0943975
2 0.685762 0.442294 0.0643002 0.0612534
2 0.250529 0.439168 0.0495352 0.0618509
0 0.74169 0.432514 0.0157253 0.0516603
7 0.554202 0.378347 0.0686038 0.0741834
7 0.784048 0.334191 0.0339742 0.051386
3 0.582656 0.643314 0.0418646 0.074123
2 0.766614 0.697637 0.124432 0.192715
0 0.579198 0.596049 0.0269468 0.059441
2 0.389252 0.365009 0.039073 0.0367257
0 0.411097 0.457677 0.0191017 0.0541261
0 0.37253 0.45101 0.0196103 0.0490599
0 0.640298 0.382562 0.013566 0.033581
2 0.730991 0.320467 0.0188671 0.0209552
0 0.657314 0.396478 0.018903 0.0420896
2 0.117447 0.497543 0.025385 0.0626925
0 0.851827 0.408015 0.0160839 0.0457399
7 0.282037 0.331806 0.0233098 0.0557671
5 0.462061 0.320878 0.11039 0.0956267
7 0.280397 0.349065 0.0220665 0.0238626
