5 0.766388 0.590374 0.257416 0.24269
2 0.365618 0.506021 0.063024 0.0854144
0 0.399128 0.771905 0.0408511 0.0486493
2 0.35324 0.4166 0.0399019 0.0499506
3 0.293772 0.573783 0.0218604 0.0510137
2 0.441546 0.397467 0.0418779 0.0357108
2 0.309159 0.379663 0.0334736 0.0582866
2 0.383517 0.394652 0.0409036 0.0405444
0 0.298594 0.514961 0.0235151 0.0684785
3 0.348275 0.675467 0.0385247 0.100255
2 0.509434 0.447924 0.0710476 0.0734477
0 0.359032 0.606703 0.0288637 0.0873372
2 0.403034 0.36595 0.0278774 0.0286996
3 0.474258 0.562671 0.0304061 0.0730353
3 0.34976 0.685788 0.0336145 0.0832447
7 0.509627 0.449218 0.071614 0.0751707
0 0.360538 0.590346 0.0271377 0.0682608
0 0.685762 0.458078 0.0225922 0.0361247
3 0.248389 0.74994 0.0451016 0.0928441
2 0.563863 0.435022 0.0457644 0.0669392
0 0.476665 0.555563 0.0288327 0.0746463
