2 0.575585 0.517888 0.111803 0.120929
5 0.386945 0.399164 0.152006 0.20277
2 0.646198 0.773286 0.123157 0.0451167
0 0.266142 0.461958 0.0223953 0.0646086
0 0.368273 0.657117 0.0403323 0.1053
0 0.333617 0.495304 0.0289578 0.0767104
0 0.288535 0.416464 0.0180087 0.0718824
0 0.248097 0.52622 0.0312324 0.0940592
3 0.769881 0.430152 0.0350624 0.0586213
0 0.268687 0.38638 0.017089 0.0517521
1 0.341824 0.596368 0.0363302 0.0644578
0 0.336157 0.50596 0.0335168 0.097254
0 0.289604 0.433867 0.0217912 0.10232
0 0.24029 0.36082 0.0156222 0.048326
