2 0.146276 0.428304 0.0869809 0.0939947
2 0.32249 0.551895 0.144361 0.195622
2 0.522751 0.38615 0.0693072 0.0677538
5 0.180192 0.647781 0.152988 0.28987
0 0.351756 0.669389 0.0316911 0.0972871
3 0.69962 0.626184 0.0697575 0.0786641
2 0.589673 0.413779 0.0300536 0.0479902
3 0.375067 0.703494 0.0823528 0.0878874
3 0.278112 0.438014 0.0486222 0.0663225
3 0.813819 0.715895 0.153398 0.097148
0 0.379065 0.669292 0.0419803 0.0772639
2 0.559427 0.354862 0.0638697 0.055706
5 0.415397 0.460207 0.122882 0.151999
0 0.693623 0.555223 0.0465229 0.0734782
3 0.631033 0.564998 0.0468945 0.0816419
3 0.116752 0.50566 0.0274493 0.0736913
3 0.50855 0.487108 0.0378641 0.0741765
3 0.568519 0.499814 0.0373978 0.0754883
