2 0.301524 0.562849 0.171882 0.158257
2 0.510917 0.417083 0.04723 0.0517467
0 0.667814 0.500158 0.0214608 0.0686647
2 0.55422 0.37739 0.0299917 0.0306769
2 0.61336 0.449819 0.0475248 0.0521333
3 0.227174 0.47331 0.0480318 0.061807
2 0.663406 0.382922 0.0265673 0.0276003
0 0.639233 0.575643 0.0299842 0.0794527
3 0.346422 0.459491 0.0304481 0.0559948
0 0.563233 0.498784 0.0217268 0.0665973
0 0.631234 0.491109 0.0200754 0.0602421
58 0.770561 0.59779 0.0547882 0.061236
3 0.636878 0.602939 0.0341493 0.0651948
0 0.654556 0.424771 0.0140575 0.0379703
