3 0.509979 0.756031 0.0624038 0.0839405
3 0.404892 0.699631 0.0566537 0.0937006
3 0.374015 0.557438 0.0287348 0.0632548
0 0.394952 0.651995 0.0390847 0.0972037
3 0.372969 0.546997 0.0303069 0.0781136
3 0.55922 0.483523 0.0237494 0.0553897
3 0.542553 0.687328 0.0497431 0.0811991
0 0.499759 0.676023 0.0478063 0.106109
3 0.662119 0.648952 0.0495972 0.0991832
3 0.433485 0.581316 0.0399868 0.0788068
3 0.484608 0.567241 0.0302321 0.0593925
2 0.145026 0.741008 0.0829678 0.108455
3 0.664205 0.668349 0.0458937 0.0595911
0 0.671132 0.571227 0.0347374 0.0792255
3 0.325222 0.52499 0.0212295 0.0613649
3 0.404007 0.709562 0.0409569 0.0767189
