2 0.523333 0.416143 0.111181 0.0827937
3 0.199532 0.482992 0.0760404 0.0734834
2 0.792156 0.317244 0.0452962 0.0343407
3 0.527256 0.623437 0.0733353 0.111992
3 0.120758 0.524849 0.0346268 0.0561443
2 0.84943 0.300349 0.033733 0.028516
0 0.295593 0.677311 0.0506347 0.117104
3 0.603493 0.363144 0.0250438 0.0436699
3 0.666345 0.388405 0.0216623 0.0519422
0 0.29813 0.666127 0.0429483 0.0953848
3 0.394979 0.42566 0.0455599 0.050083
3 0.628445 0.44125 0.0356968 0.0717754
3 0.558539 0.473074 0.0467901 0.0798016
0 0.380363 0.742609 0.0908364 0.10738
0 0.498426 0.523093 0.0377113 0.0748212
3 0.120266 0.392554 0.0334699 0.0609767
3 0.714167 0.416558 0.0274386 0.0605575
0 0.825302 0.466281 0.0301212 0.0736006
3 0.294765 0.721171 0.0648028 0.0834442
0 0.176093 0.435833 0.0340465 0.0673014
3 0.665441 0.57214 0.0825287 0.0834861
3 0.778409 0.457947 0.0298479 0.065386
3 0.316299 0.456455 0.0577761 0.0563638
0 0.67001 0.462649 0.0295918 0.0706948
3 0.48414 0.557269 0.035412 0.0629795
3 0.681218 0.581472 0.0503601 0.086625
3 0.162288 0.341443 0.0300379 0.0444626
0 0.354418 0.747262 0.0356137 0.0753595
