2 0.234888 0.553338 0.136596 0.11478
2 0.427186 0.750134 0.192191 0.087214
2 0.545203 0.431999 0.0480079 0.0504183
2 0.533384 0.357654 0.0318749 0.0309736
2 0.389513 0.443081 0.0621106 0.066145
0 0.586525 0.682942 0.0391886 0.10091
2 0.556033 0.387176 0.0278457 0.0362751
2 0.562131 0.37904 0.039624 0.0354945
7 0.433783 0.389513 0.0335794 0.057759
2 0.433234 0.391955 0.0321974 0.0551092
2 0.495844 0.448048 0.0603247 0.0702408
2 0.619023 0.396018 0.0195744 0.0351831
7 0.483589 0.428924 0.0792269 0.108679
3 0.311698 0.480028 0.0233974 0.0473912
3 0.310448 0.46509 0.0260454 0.0743559
2 0.55847 0.388761 0.0341013 0.0430151
