0 0.559683 0.75408 0.040143 0.0871127
2 0.588376 0.390847 0.0401424 0.0515143
2 0.446961 0.403748 0.0603139 0.0517327
7 0.848652 0.70956 0.0939769 0.170275
2 0.148909 0.524102 0.0916533 0.0849625
2 0.631152 0.342345 0.0325391 0.0311063
2 0.554539 0.368616 0.0377067 0.0349957
3 0.308739 0.492647 0.0634603 0.058689
3 0.220164 0.520651 0.0542987 0.0610347
9 0.731449 0.284842 0.0128323 0.0377814
3 0.424914 0.455078 0.0324918 0.053478
3 0.160877 0.462264 0.0476212 0.0469056
2 0.563025 0.367805 0.032633 0.0333333
2 0.332466 0.430296 0.0834519 0.0618175
3 0.524596 0.404566 0.0166517 0.0396881
0 0.425457 0.452691 0.028532 0.0542859
