5 0.327203 0.655647 0.383401 0.272613
2 0.551605 0.480554 0.0829723 0.0869197
5 0.174393 0.660004 0.141151 0.26301
2 0.365714 0.510223 0.134246 0.152156
0 0.613841 0.554047 0.0263525 0.068927
5 0.652319 0.395124 0.0765282 0.107604
5 0.493386 0.395719 0.0826427 0.0994571
2 0.610125 0.37799 0.0397177 0.041795
3 0.253572 0.546263 0.0512094 0.0659646
3 0.268572 0.463372 0.0273291 0.0648836
2 0.564008 0.355209 0.058856 0.0567688
2 0.354959 0.441576 0.105798 0.105693
0 0.698653 0.518826 0.0231263 0.0570946
3 0.211893 0.462763 0.0463213 0.0565179
3 0.480512 0.464721 0.0214388 0.054459
3 0.268584 0.473379 0.0280928 0.0477703
7 0.492257 0.398201 0.0861384 0.103091
3 0.566682 0.640202 0.0491671 0.080228
7 0.35232 0.441355 0.101856 0.103705
