2 0.331349 0.655143 0.124503 0.138077
5 0.147278 0.554584 0.0863518 0.17444
5 0.381124 0.408365 0.0488994 0.0926529
2 0.122696 0.69454 0.0383264 0.129267
2 0.435753 0.503663 0.0484509 0.0644527
0 0.829097 0.751229 0.0479929 0.0899864
0 0.607043 0.521849 0.0201987 0.0576934
0 0.742181 0.681799 0.035693 0.101489
3 0.583855 0.433364 0.0166154 0.0379482
2 0.398623 0.563784 0.063639 0.0838255
5 0.44038 0.427609 0.0547627 0.0860765
2 0.198743 0.760708 0.189592 0.0678695
5 0.383205 0.342826 0.0390976 0.0396315
2 0.424908 0.370488 0.0247753 0.0337081
2 0.519784 0.40355 0.0293806 0.031794
3 0.497695 0.610509 0.0330734 0.048971
3 0.223002 0.488845 0.0267561 0.0529106
0 0.519384 0.675756 0.0325209 0.0750573
3 0.498516 0.598107 0.0333706 0.0692405
2 0.395723 0.578359 0.0578767 0.0582186
0 0.551048 0.477919 0.0174179 0.051186
3 0.516222 0.713763 0.0313402 0.0578288
2 0.512482 0.462516 0.0225979 0.0429641
5 0.465536 0.404175 0.0416353 0.0543354
2 0.409115 0.530578 0.0475579 0.0467914
2 0.504158 0.3679 0.0204475 0.026321
