2 0.700185 0.697662 0.219277 0.24935
2 0.909353 0.692067 0.167782 0.199975
2 0.725752 0.487723 0.0987253 0.122254
0 0.642886 0.446438 0.0399807 0.0959492
0 0.344192 0.617958 0.0442939 0.123016
7 0.543412 0.418537 0.155202 0.230613
0 0.878811 0.562384 0.0577099 0.0866747
0 0.234089 0.379043 0.0187454 0.059224
0 0.808747 0.472124 0.0347087 0.0921768
0 0.227289 0.502978 0.0491671 0.0880124
0 0.343732 0.441016 0.0283663 0.0905632
7 0.47434 0.327644 0.0733461 0.102778
0 0.256527 0.439623 0.0253847 0.0586653
0 0.835839 0.519343 0.0431382 0.109865
0 0.117356 0.509848 0.0372735 0.134436
