2 0.719921 0.563546 0.0795191 0.112199
2 0.232195 0.415007 0.0395226 0.0373395
2 0.133582 0.678534 0.0599105 0.230034
7 0.473037 0.725892 0.261239 0.131117
2 0.767925 0.353756 0.0291266 0.0338189
3 0.772628 0.425515 0.0236835 0.046263
2 0.277413 0.362032 0.0210855 0.0328741
2 0.446224 0.372704 0.058196 0.0443
0 0.701077 0.427648 0.025564 0.0399353
2 0.707672 0.490548 0.0620706 0.0676384
2 0.884368 0.541487 0.0237157 0.0638024
3 0.871898 0.406391 0.0174046 0.0412838
0 0.821346 0.363401 0.0143081 0.0339009
3 0.661789 0.427314 0.0181659 0.0452766
0 0.661625 0.426021 0.0175961 0.0440827
3 0.567692 0.384558 0.026214 0.042809
