2 0.585364 0.474374 0.0832216 0.107632
0 0.66232 0.752883 0.0593085 0.0878163
2 0.634382 0.392437 0.0854859 0.0792409
0 0.662108 0.681726 0.0616289 0.100973
3 0.502297 0.625407 0.0383336 0.0594422
3 0.5075 0.619589 0.0495906 0.0717608
0 0.530674 0.742528 0.0668472 0.103224
3 0.220763 0.550261 0.0723682 0.0874308
3 0.768487 0.655475 0.0475145 0.0681758
3 0.528227 0.751855 0.0828346 0.0892891
3 0.589659 0.602381 0.0519053 0.0721296
7 0.718824 0.484154 0.139142 0.122686
3 0.67431 0.545804 0.0402105 0.071715
3 0.509739 0.766499 0.0458653 0.0618778
