2 0.458422 0.50603 0.138161 0.109759
2 0.163469 0.712518 0.120312 0.164936
2 0.142869 0.608073 0.0789818 0.0787048
0 0.651314 0.453769 0.0278932 0.0738366
5 0.413495 0.405138 0.166096 0.145137
2 0.607156 0.36556 0.089872 0.0772588
3 0.257486 0.444702 0.0559881 0.0565807
3 0.56041 0.623422 0.0621326 0.0857256
3 0.358153 0.767122 0.0693161 0.0589517
0 0.571794 0.508617 0.0480247 0.131955
0 0.240354 0.734752 0.0671849 0.111706
0 0.703071 0.44621 0.0254929 0.0571322
0 0.371126 0.734049 0.0708405 0.120446
0 0.368979 0.709243 0.0355914 0.0712764
3 0.353575 0.772813 0.0594194 0.0475232
7 0.413267 0.406671 0.165807 0.146724
0 0.612556 0.516437 0.0426273 0.0793291
