3 0.48769 0.669119 0.0659852 0.0819999
2 0.505424 0.573038 0.099889 0.104551
3 0.306912 0.643378 0.0417766 0.0670554
3 0.745593 0.61899 0.0514201 0.0894634
2 0.527946 0.567338 0.144824 0.119106
3 0.632853 0.705544 0.0689716 0.0867671
3 0.707087 0.539899 0.0406122 0.0641117
0 0.302515 0.610999 0.0333858 0.0805619
0 0.697306 0.776008 0.0380635 0.0412341
0 0.287987 0.493536 0.0278409 0.0620696
0 0.286325 0.488921 0.0221662 0.053518
3 0.673307 0.774108 0.0842819 0.0502443
3 0.481539 0.682025 0.0517939 0.0550283
2 0.357544 0.339462 0.0304103 0.0355008
3 0.611112 0.436724 0.0189443 0.0263359
0 0.744086 0.613069 0.0477393 0.0937948
