2 0.581333 0.379213 0.0346208 0.0429256
0 0.487539 0.695242 0.0465538 0.104167
2 0.493716 0.37396 0.0388498 0.041815
2 0.530109 0.377513 0.0344066 0.0398872
0 0.229183 0.506283 0.0300463 0.0669641
3 0.181597 0.594478 0.0451576 0.0698488
3 0.486026 0.729456 0.0482506 0.0905171
0 0.543345 0.421534 0.0152448 0.0424472
0 0.166444 0.450029 0.0295705 0.100779
3 0.229477 0.508335 0.030896 0.067695
3 0.487442 0.740587 0.0434918 0.0664381
0 0.16932 0.46344 0.0267302 0.0733518
2 0.555214 0.345835 0.026756 0.0375603
