2 0.670382 0.370836 0.119235 0.0852831
2 0.511021 0.483169 0.154994 0.105506
2 0.847878 0.334646 0.0919491 0.0752477
0 0.73545 0.439651 0.029304 0.0800297
3 0.324166 0.65639 0.100385 0.0952239
0 0.625519 0.633836 0.080106 0.105172
0 0.28361 0.321281 0.0156263 0.0583698
3 0.143422 0.760973 0.0798138 0.0697274
3 0.382635 0.416328 0.055156 0.0528243
0 0.462903 0.590697 0.044989 0.066847
3 0.252029 0.585661 0.104872 0.0861928
0 0.335258 0.30615 0.013316 0.0520141
3 0.624532 0.648104 0.0820291 0.085635
0 0.455207 0.611461 0.0773865 0.112403
3 0.133163 0.453176 0.0594384 0.0606167
3 0.503843 0.555479 0.0882052 0.085747
