3 0.405633 0.689709 0.0797257 0.101779
2 0.495796 0.360275 0.0581764 0.0550166
3 0.308271 0.598857 0.0655238 0.0719162
0 0.712342 0.740522 0.0455538 0.11212
3 0.156752 0.540064 0.0583864 0.0788714
3 0.688481 0.763073 0.12426 0.0723157
0 0.410893 0.663391 0.0412397 0.0893565
3 0.415817 0.463862 0.0443004 0.0615593
3 0.156107 0.383676 0.0366253 0.0516029
3 0.789839 0.733266 0.0975203 0.0948822
0 0.402743 0.665384 0.0606293 0.0941466
2 0.539907 0.359857 0.0371255 0.0530888
7 0.289762 0.483785 0.21497 0.199523
3 0.388946 0.370453 0.023819 0.0322151
0 0.30957 0.582804 0.0557973 0.0984518
5 0.290988 0.481817 0.217442 0.193893
