0 0.452697 0.744162 0.0397002 0.104347
2 0.414091 0.384754 0.036462 0.0382068
0 0.821614 0.580284 0.0343811 0.10148
0 0.423102 0.529287 0.023952 0.0753539
3 0.55835 0.494423 0.0214597 0.0559623
0 0.352103 0.571302 0.0219116 0.0725075
3 0.339418 0.461465 0.0169697 0.0604752
3 0.423642 0.540063 0.0238306 0.0606892
3 0.622358 0.55088 0.0314131 0.0702604
0 0.728802 0.536359 0.0295433 0.0674624
3 0.390615 0.644345 0.0288461 0.0723249
0 0.217177 0.596082 0.0293832 0.0895586
3 0.46871 0.421147 0.0169914 0.0445075
0 0.248207 0.592727 0.0246014 0.0840877
0 0.289051 0.520041 0.0165415 0.0715814
0 0.555572 0.429831 0.0136208 0.0415096
