2 0.707943 0.616281 0.149036 0.118974
2 0.81515 0.740041 0.16001 0.110628
3 0.688722 0.470454 0.0334153 0.0551902
3 0.528263 0.436611 0.0312169 0.0443985
0 0.324737 0.778605 0.0277664 0.0346115
0 0.530155 0.331748 0.0132121 0.037015
2 0.362075 0.378527 0.0301679 0.0317392
3 0.803341 0.403253 0.085429 0.0572586
3 0.2955 0.388305 0.027744 0.0386396
0 0.572522 0.335309 0.0134102 0.0435163
2 0.486034 0.343322 0.0318835 0.0267909
0 0.608313 0.569911 0.0269478 0.0703848
2 0.802435 0.406181 0.0858942 0.0541795
3 0.300887 0.386172 0.0373013 0.0417239
