2 0.366362 0.563441 0.0733646 0.0899183
2 0.444023 0.424353 0.0320364 0.0390605
2 0.702559 0.433397 0.0577003 0.0548552
2 0.396781 0.361453 0.022819 0.0256745
0 0.476139 0.69021 0.0238646 0.0488407
2 0.802224 0.414997 0.0295236 0.0369978
2 0.417866 0.384525 0.0271151 0.0252908
0 0.475443 0.701916 0.0268044 0.0724452
2 0.596911 0.420401 0.0385035 0.04061
2 0.71154 0.434556 0.0387587 0.049844
3 0.513743 0.587146 0.0267124 0.0421152
2 0.162592 0.490108 0.0486359 0.0635913
0 0.698497 0.543167 0.0183081 0.0484536
2 0.59327 0.424155 0.0355739 0.0355643
