2 0.320298 0.63892 0.0870861 0.0979308
2 0.414868 0.38801 0.0215043 0.0359683
2 0.479304 0.360874 0.0237356 0.0229539
2 0.399214 0.362514 0.0255065 0.0289244
0 0.533197 0.766202 0.0334412 0.0582763
3 0.796636 0.63036 0.0323418 0.0359117
2 0.435994 0.340321 0.0199585 0.0193431
5 0.641674 0.392354 0.0559355 0.0685259
3 0.736503 0.540154 0.0234467 0.0431284
7 0.642444 0.393495 0.0550746 0.0658052
3 0.796502 0.61724 0.0345775 0.0587701
0 0.64675 0.473537 0.0154261 0.0411303
0 0.510189 0.442374 0.0133032 0.0368326
3 0.61817 0.477704 0.0188536 0.0375935
3 0.416534 0.535395 0.0267676 0.0548587
