2 0.817558 0.639569 0.155279 0.126805
2 0.386098 0.485916 0.0856808 0.0542705
2 0.294766 0.461348 0.0901134 0.0487559
2 0.858783 0.75462 0.075249 0.0789951
2 0.453459 0.391508 0.031369 0.0301788
2 0.650142 0.51486 0.103161 0.0648491
2 0.524418 0.481957 0.0668595 0.0627708
3 0.378633 0.577571 0.0227899 0.0518663
3 0.339394 0.625094 0.0223607 0.0591656
0 0.427206 0.657931 0.0372407 0.0749389
2 0.410132 0.379924 0.0280887 0.0389537
3 0.406234 0.757833 0.0382662 0.0750536
3 0.733464 0.527955 0.0403854 0.0728083
2 0.651941 0.589364 0.12394 0.115747
3 0.293224 0.686463 0.0354203 0.104545
0 0.474423 0.622389 0.0306236 0.0806373
2 0.343434 0.43685 0.0417358 0.0493265
3 0.266616 0.558303 0.0227773 0.0620271
0 0.324297 0.751489 0.0396304 0.0895834
2 0.338953 0.431184 0.0508098 0.0619245
2 0.396371 0.432758 0.0613888 0.0682281
2 0.336859 0.369325 0.0214145 0.030839
3 0.459578 0.529017 0.0381321 0.0632161
3 0.324559 0.764337 0.0403253 0.0655146
