2 0.16434 0.393001 0.119635 0.0617182
2 0.38082 0.361386 0.0723319 0.0426328
2 0.765535 0.368832 0.0520486 0.042574
2 0.563499 0.36434 0.0612171 0.047262
0 0.573402 0.751154 0.0454236 0.0873101
3 0.332306 0.413652 0.0323414 0.0494819
2 0.507943 0.348889 0.0632721 0.0480791
3 0.130375 0.628013 0.0548145 0.0701465
3 0.270671 0.394704 0.041516 0.0401545
0 0.782664 0.462507 0.0220025 0.0555454
0 0.767523 0.665292 0.0423878 0.10792
0 0.618106 0.693469 0.0500675 0.0997586
3 0.501592 0.504809 0.0351382 0.0537262
0 0.514701 0.687542 0.0476454 0.101367
2 0.686802 0.332441 0.0572944 0.0339621
3 0.767103 0.68822 0.0400385 0.0668991
0 0.707682 0.572407 0.029293 0.0613685
3 0.511978 0.715686 0.0471481 0.0619531
0 0.663593 0.53829 0.0278723 0.0620307
3 0.437591 0.482164 0.0323511 0.0617545
3 0.60579 0.505349 0.029014 0.0475974
0 0.695502 0.479702 0.0235981 0.0631797
0 0.518344 0.676756 0.0419278 0.080966
0 0.614458 0.457855 0.0223815 0.0567691
0 0.664644 0.4362 0.0263036 0.0527204
0 0.744292 0.531326 0.0285778 0.0725078
3 0.735296 0.448257 0.0233812 0.0369855
