2 0.579171 0.74511 0.0949249 0.0990557
2 0.565666 0.554862 0.0596032 0.0880591
2 0.739209 0.716661 0.13559 0.15736
2 0.491241 0.395749 0.0275658 0.0263497
0 0.401097 0.648848 0.0272155 0.0715877
3 0.376778 0.562628 0.0229566 0.0633336
3 0.638432 0.626368 0.0284177 0.0841577
5 0.570447 0.413391 0.0438377 0.0840676
3 0.482309 0.677177 0.0264019 0.058467
3 0.61944 0.565179 0.019817 0.0625862
2 0.636922 0.405565 0.0417034 0.0436734
7 0.570904 0.41208 0.0452026 0.0877661
0 0.881916 0.654759 0.0285423 0.0894108
0 0.391611 0.415568 0.011173 0.0329292
3 0.415781 0.75746 0.0308585 0.057997
3 0.481227 0.658848 0.0251312 0.0713777
