2 0.528697 0.379339 0.0210966 0.0282409
2 0.561736 0.454905 0.0382706 0.0568201
0 0.504599 0.582179 0.02248 0.0735257
3 0.562891 0.646311 0.0249697 0.063644
0 0.446911 0.555213 0.0197088 0.0640085
58 0.699084 0.567834 0.0319446 0.0297982
3 0.478884 0.630596 0.0263091 0.0712673
3 0.399113 0.599934 0.0247319 0.0757772
3 0.511914 0.692449 0.0273912 0.0737407
7 0.140377 0.688581 0.0707066 0.206884
0 0.399414 0.60032 0.024298 0.0746278
0 0.433839 0.631223 0.0270607 0.0511912
0 0.479243 0.614523 0.0245196 0.0715515
3 0.432447 0.663907 0.0266005 0.0590178
3 0.433502 0.64903 0.02705 0.0848881
