0 0.468818 0.704623 0.0390207 0.112673
3 0.626009 0.482082 0.0276565 0.0560288
3 0.830536 0.604909 0.0681746 0.0798576
0 0.49842 0.558837 0.023772 0.0785106
3 0.522537 0.43897 0.0225258 0.0549445
3 0.284685 0.521962 0.0283838 0.073491
3 0.699569 0.659255 0.0605332 0.0934875
0 0.521694 0.661242 0.0292491 0.104433
0 0.702085 0.653968 0.0562733 0.102295
0 0.416012 0.484789 0.0218621 0.0581658
0 0.711881 0.653953 0.0367089 0.101211
3 0.285331 0.532338 0.0284836 0.0548554
0 0.405811 0.665832 0.0310691 0.0975432
3 0.529936 0.693371 0.0409861 0.0868973
3 0.45868 0.407774 0.0199688 0.0277244
0 0.372884 0.534326 0.0209523 0.0641987
