3 0.4899 0.693646 0.0845762 0.105153
3 0.661576 0.74207 0.0945532 0.0952075
3 0.332262 0.607062 0.0697585 0.0777108
3 0.259718 0.545696 0.0640551 0.0884547
3 0.261382 0.414284 0.0339192 0.0583747
2 0.539043 0.369433 0.0513877 0.0479556
3 0.365997 0.429328 0.0454794 0.0524281
3 0.29053 0.477791 0.0643284 0.0708135
0 0.50757 0.436359 0.0339052 0.0544116
3 0.419868 0.489454 0.0453001 0.0577804
3 0.503675 0.513895 0.0566362 0.077659
2 0.54892 0.366769 0.0711004 0.0531874
3 0.210923 0.45873 0.0403129 0.0742205
0 0.665453 0.717586 0.0439203 0.0991823
0 0.334432 0.568075 0.0325414 0.0523308
3 0.821682 0.753961 0.105136 0.0837368
3 0.544768 0.653297 0.041684 0.0719729
3 0.816608 0.677578 0.140175 0.09369
3 0.502342 0.524476 0.052351 0.0598872
0 0.475062 0.661453 0.0488314 0.0907068
3 0.147938 0.434377 0.0336243 0.0661658
0 0.74867 0.509664 0.0456289 0.141733
