2 0.473555 0.569108 0.0951862 0.103671
5 0.616717 0.434891 0.0651049 0.105523
0 0.602733 0.716898 0.0351992 0.104166
3 0.342679 0.534537 0.0280179 0.0731602
2 0.573281 0.569603 0.0697649 0.102968
2 0.591442 0.569281 0.108024 0.106518
5 0.548979 0.414467 0.0484921 0.0837194
2 0.536467 0.477131 0.058789 0.0666055
7 0.513846 0.723997 0.113437 0.142956
2 0.513913 0.724303 0.112844 0.142552
0 0.63126 0.638515 0.0310307 0.0880187
2 0.474358 0.41353 0.0324758 0.041009
0 0.62999 0.512584 0.0197528 0.0530678
