2 0.629594 0.434577 0.0774241 0.0616384
2 0.541017 0.436465 0.0683858 0.0670803
2 0.265262 0.691883 0.11397 0.208047
0 0.550363 0.745775 0.0472105 0.0992
2 0.360684 0.39812 0.0564891 0.0687678
2 0.391815 0.314595 0.0272573 0.0240828
2 0.431343 0.368114 0.092818 0.060577
0 0.358044 0.458244 0.0210778 0.0634811
3 0.851107 0.416816 0.0517109 0.0625997
0 0.322809 0.446084 0.0200812 0.0712366
0 0.38819 0.5555 0.0301652 0.0919155
3 0.44123 0.642941 0.0356999 0.0734846
2 0.503823 0.406361 0.0450814 0.05429
0 0.453643 0.744444 0.0414743 0.10244
3 0.376836 0.646968 0.0456849 0.095607
5 0.822114 0.680123 0.146005 0.227887
2 0.307449 0.364648 0.0305127 0.0341768
0 0.437313 0.599937 0.0337199 0.0607128
2 0.267604 0.553817 0.0905608 0.13246
2 0.372318 0.397753 0.0786211 0.0673929
0 0.448764 0.427257 0.0255793 0.0486498
5 0.704234 0.659366 0.282083 0.267826
7 0.146641 0.555446 0.0869644 0.177744
2 0.324936 0.335841 0.0281425 0.027575
7 0.433135 0.368299 0.0913092 0.0617013
0 0.453534 0.727687 0.0371184 0.070973
