2 0.36685 0.68297 0.101636 0.147326
2 0.584776 0.511336 0.0586486 0.080943
2 0.467579 0.765468 0.0818319 0.0575411
0 0.416517 0.755523 0.0365054 0.0815188
2 0.628275 0.696071 0.0890935 0.190298
2 0.508564 0.491509 0.0449029 0.0578731
2 0.545535 0.373417 0.0218994 0.028949
2 0.495286 0.556052 0.0737076 0.0694253
2 0.508938 0.450974 0.0374595 0.0484388
2 0.46778 0.778215 0.0815189 0.0335646
2 0.498436 0.667579 0.0912071 0.138487
25 0.236856 0.505109 0.0645108 0.0362171
0 0.546155 0.660442 0.0239588 0.0797442
