0 0.357395 0.466601 0.0171836 0.0622869
0 0.448272 0.567288 0.0283856 0.0975277
0 0.451635 0.448008 0.0193117 0.0489127
2 0.386504 0.347208 0.0266627 0.0294862
0 0.523493 0.661329 0.0406974 0.103776
2 0.559411 0.365627 0.0416438 0.0281291
0 0.228681 0.630377 0.0475151 0.10438
2 0.538314 0.416662 0.0433384 0.0406807
0 0.401646 0.453187 0.0168405 0.0551722
0 0.683496 0.499293 0.023354 0.0607348
0 0.81106 0.600623 0.0259605 0.0610308
0 0.54672 0.559851 0.0281178 0.0653852
2 0.658581 0.445012 0.044927 0.0181742
