2 0.459108 0.362096 0.0401653 0.0406358
2 0.772781 0.716953 0.242245 0.150706
3 0.248797 0.440966 0.0381223 0.0488807
3 0.798976 0.601276 0.057604 0.0959178
0 0.589971 0.42823 0.020039 0.046068
3 0.366071 0.708253 0.0401787 0.0857909
0 0.359733 0.676206 0.0350886 0.10673
3 0.427608 0.510181 0.0461635 0.0621639
3 0.314269 0.435666 0.0206557 0.0352178
2 0.404888 0.328741 0.0248888 0.0259694
3 0.655925 0.513545 0.037138 0.0631125
0 0.425868 0.50127 0.0200827 0.0494423
3 0.520662 0.413874 0.0205319 0.0425273
3 0.314202 0.427617 0.0199077 0.0501836
3 0.393976 0.431484 0.0259215 0.0381953
3 0.171853 0.561455 0.0803082 0.117473
2 0.359868 0.330212 0.0326554 0.0394441
3 0.797085 0.587275 0.0511715 0.0696311
