3 0.709697 0.639726 0.0805315 0.0810929
3 0.331731 0.44304 0.052218 0.0555626
3 0.787685 0.634973 0.0819371 0.0724691
3 0.327706 0.538776 0.0550954 0.0865097
3 0.118023 0.580914 0.0282874 0.0701601
3 0.198898 0.524557 0.0535087 0.0827721
3 0.121362 0.4947 0.0324467 0.0675725
3 0.581075 0.561976 0.0673331 0.0766148
3 0.469249 0.534285 0.0533447 0.0684178
0 0.45481 0.493532 0.0269484 0.0669191
0 0.576716 0.526852 0.023583 0.0611419
3 0.245467 0.513303 0.0566972 0.087076
3 0.167413 0.466929 0.0307964 0.0654029
