2 0.29469 0.411155 0.0369006 0.0464113
2 0.388848 0.355393 0.0279486 0.0268514
3 0.206403 0.551429 0.0314051 0.0679194
3 0.247974 0.51571 0.0263034 0.0676038
3 0.284525 0.541047 0.0260373 0.0660441
2 0.330396 0.332167 0.0229858 0.0251295
7 0.161563 0.707342 0.1142 0.173606
3 0.693047 0.502525 0.0290913 0.0565206
2 0.3622 0.323279 0.0168757 0.019954
0 0.28305 0.49076 0.0239851 0.0597951
2 0.161349 0.707258 0.113073 0.173067
0 0.282508 0.481892 0.0241124 0.0462203
2 0.268251 0.389317 0.0161368 0.0330929
0 0.283298 0.504594 0.0263202 0.09094
3 0.604269 0.435856 0.0212593 0.047641
0 0.604676 0.434793 0.0209189 0.0492981
