3 0.475374 0.447647 0.0298035 0.0552738
3 0.65188 0.56468 0.0572854 0.0618048
3 0.879336 0.769842 0.0355312 0.0551001
0 0.594061 0.449443 0.0212392 0.0527613
3 0.612368 0.484848 0.0250886 0.0522671
3 0.664488 0.574602 0.0312086 0.0440425
0 0.409642 0.385151 0.0123987 0.0331968
2 0.417176 0.313179 0.0201093 0.0193131
0 0.864712 0.655939 0.0636549 0.0883006
0 0.474358 0.384401 0.0161566 0.0420586
3 0.655 0.57255 0.0499329 0.0476121
3 0.172797 0.56193 0.077956 0.112903
3 0.799938 0.602647 0.0601065 0.068434
3 0.752925 0.528327 0.0445444 0.0664903
0 0.752543 0.518153 0.0417673 0.0620297
3 0.752896 0.539389 0.0447803 0.0526519
