2 0.43513 0.452258 0.0839352 0.0960082
2 0.873127 0.632227 0.0454483 0.0936541
7 0.641327 0.624338 0.246784 0.318733
3 0.374111 0.490369 0.044684 0.0778303
2 0.568178 0.443424 0.125066 0.0794156
2 0.34999 0.303962 0.0307625 0.0407253
2 0.738763 0.590483 0.202396 0.238749
0 0.544401 0.655378 0.0452912 0.115583
2 0.441854 0.332607 0.0668443 0.0462303
5 0.738274 0.591333 0.203409 0.239402
2 0.401424 0.305042 0.0274759 0.0295969
0 0.555271 0.778655 0.0203784 0.0345694
0 0.630278 0.775045 0.0260635 0.0405067
0 0.301451 0.778167 0.0261512 0.0364647
0 0.362158 0.63934 0.0354479 0.105543
2 0.431409 0.329913 0.0454773 0.0385583
2 0.304446 0.319322 0.0375145 0.0411933
0 0.365797 0.659919 0.0282984 0.0760021
2 0.456465 0.349464 0.041004 0.0492847
5 0.639022 0.624679 0.242758 0.316094
