2 0.274037 0.715942 0.181475 0.161586
2 0.811293 0.685193 0.168645 0.130994
2 0.79024 0.558059 0.139472 0.081663
0 0.478177 0.64311 0.0285217 0.0701551
2 0.512646 0.410984 0.0436114 0.0554032
0 0.418486 0.699221 0.0245289 0.101904
0 0.576379 0.763009 0.0378783 0.0608848
0 0.418681 0.681003 0.022911 0.0667948
0 0.512328 0.493852 0.0172474 0.0551288
0 0.416356 0.733151 0.0206246 0.0640917
2 0.778239 0.411904 0.0649086 0.0296265
0 0.578507 0.753859 0.0320454 0.0773482
2 0.56195 0.375926 0.0516833 0.0454499
0 0.350093 0.765888 0.0257625 0.0595603
