7 0.707204 0.682954 0.272049 0.356768
2 0.40038 0.340889 0.0496862 0.0564154
2 0.568257 0.528914 0.108209 0.137949
5 0.512651 0.389292 0.101669 0.14422
2 0.948373 0.748752 0.0889309 0.113884
2 0.880522 0.829104 0.224914 0.0789842
0 0.838787 0.504685 0.050223 0.157143
7 0.339133 0.332845 0.0566652 0.107261
2 0.314879 0.430589 0.0705306 0.112157
0 0.890311 0.543592 0.0432071 0.106748
0 0.233296 0.458939 0.0338223 0.0942645
2 0.642092 0.443747 0.0815496 0.0844492
0 0.948149 0.573125 0.0535046 0.0835466
3 0.951994 0.614836 0.0411109 0.0601871
0 0.889044 0.527032 0.0369549 0.0732129
