0 0.861767 0.729597 0.0659653 0.132791
2 0.297993 0.623297 0.294938 0.337434
25 0.439012 0.303865 0.073741 0.0394868
3 0.493003 0.411612 0.0441006 0.0717653
2 0.645848 0.399288 0.0854504 0.0676582
3 0.798343 0.296793 0.024284 0.0456443
3 0.643427 0.397695 0.0795174 0.0701932
3 0.746793 0.327692 0.0402925 0.0447765
3 0.751938 0.32866 0.0297178 0.0414414
3 0.848902 0.317416 0.061272 0.0470535
3 0.579712 0.382483 0.0418265 0.0594282
2 0.602188 0.605437 0.348437 0.370636
3 0.734996 0.326765 0.0609527 0.0465147
3 0.444625 0.367449 0.0347125 0.0343321
3 0.52095 0.342283 0.0374542 0.0411121
3 0.279727 0.357423 0.0256288 0.0450217
