5 0.8055 0.480667 0.180372 0.194861
2 0.649348 0.521267 0.113489 0.0949084
2 0.320766 0.339022 0.0289057 0.0340782
2 0.264779 0.690155 0.115574 0.209598
0 0.572552 0.435849 0.0305791 0.064905
2 0.266806 0.53874 0.087912 0.134066
0 0.577226 0.431049 0.0211754 0.0563416
2 0.581755 0.326882 0.0245325 0.0334601
0 0.653808 0.440971 0.0177948 0.0553011
5 0.146347 0.556194 0.0862989 0.183552
3 0.773723 0.538661 0.0442472 0.0618861
7 0.146145 0.555602 0.086401 0.184831
3 0.716729 0.536327 0.0323756 0.0656752
0 0.703048 0.488098 0.0183426 0.045186
0 0.771374 0.526636 0.0418337 0.0811535
