2 0.641623 0.397001 0.102581 0.0611989
2 0.332079 0.356297 0.118099 0.0587418
3 0.397744 0.402162 0.0558067 0.0515903
7 0.626927 0.311261 0.0589813 0.0784017
2 0.626388 0.310532 0.0573597 0.077848
0 0.516979 0.626805 0.0485515 0.0970433
2 0.663226 0.2944 0.0236407 0.0364577
3 0.512128 0.680092 0.0522048 0.0982328
0 0.466868 0.391954 0.0158849 0.0515903
0 0.795838 0.491131 0.0391501 0.13996
3 0.508785 0.694122 0.04649 0.0821322
3 0.18587 0.356501 0.0545127 0.0423081
3 0.633476 0.431532 0.0519789 0.0601006
