2 0.8183 0.680019 0.155942 0.192938
2 0.528405 0.526403 0.10923 0.125091
2 0.586033 0.422581 0.0835566 0.0725747
2 0.379062 0.451185 0.0716296 0.0816106
2 0.836204 0.527984 0.11671 0.0915871
2 0.727992 0.506317 0.14848 0.127971
2 0.290233 0.374394 0.0394317 0.0575782
2 0.615563 0.758061 0.151553 0.0707828
2 0.401902 0.390381 0.0584734 0.0614199
2 0.476656 0.395774 0.0726333 0.0660046
2 0.427919 0.331752 0.0385241 0.0358773
2 0.643986 0.347952 0.0373332 0.0254211
2 0.352009 0.33597 0.0537569 0.0525987
2 0.854585 0.611996 0.0838136 0.091366
2 0.450484 0.317082 0.0367479 0.0346499
2 0.39002 0.303222 0.0361933 0.0314551
