2 0.541389 0.482107 0.10267 0.109422
2 0.625832 0.583861 0.154594 0.155366
2 0.837676 0.563856 0.155397 0.139546
2 0.863313 0.813888 0.264956 0.105233
2 0.611627 0.414224 0.0864685 0.0921375
2 0.346992 0.682891 0.155694 0.256614
2 0.736326 0.457922 0.081962 0.107141
2 0.948827 0.698743 0.0909931 0.131781
2 0.562516 0.371526 0.0575394 0.0612969
0 0.949234 0.587421 0.0461471 0.130857
2 0.517021 0.424489 0.0745138 0.0725936
2 0.477507 0.372963 0.0563929 0.0636118
2 0.307754 0.350867 0.0512518 0.0450696
0 0.942387 0.580535 0.0600041 0.143014
2 0.310609 0.340987 0.0467281 0.0619454
2 0.540886 0.340267 0.0452286 0.0527166
2 0.312916 0.334456 0.0409638 0.0491304
3 0.674357 0.401295 0.0527201 0.0420619
0 0.760071 0.405314 0.0315545 0.093009
