2 0.404663 0.367165 0.0806933 0.0548091
2 0.36336 0.384659 0.06988 0.0448912
2 0.62082 0.429601 0.0963325 0.0643092
2 0.49873 0.680179 0.128001 0.165609
7 0.79612 0.441644 0.166245 0.130062
0 0.502874 0.569358 0.0379641 0.0634022
2 0.507996 0.410545 0.103287 0.0766222
2 0.290332 0.35523 0.0759753 0.0490899
0 0.622657 0.754308 0.0431412 0.0846335
2 0.560643 0.383034 0.0691017 0.0438971
9 0.827851 0.443578 0.0186829 0.0601013
2 0.499805 0.403129 0.085408 0.0629105
0 0.598962 0.587841 0.0291195 0.0634695
3 0.502201 0.572136 0.0386925 0.0599812
0 0.447453 0.625138 0.0336792 0.0868111
3 0.741087 0.764636 0.04583 0.0640135
2 0.635771 0.410326 0.0723133 0.0439763
0 0.689014 0.716957 0.0388818 0.0903786
0 0.597828 0.602557 0.0309964 0.0919687
