3 0.290356 0.748196 0.118171 0.0939725
3 0.147746 0.754791 0.0881372 0.0806078
0 0.648164 0.654546 0.0352082 0.0615385
3 0.373769 0.682982 0.0834096 0.103839
0 0.647721 0.671144 0.036537 0.098804
2 0.650888 0.504941 0.101059 0.126136
0 0.622782 0.73401 0.0466297 0.113441
7 0.80735 0.392395 0.13596 0.123181
5 0.809351 0.390207 0.138379 0.130297
3 0.796196 0.5134 0.032391 0.0648612
0 0.564345 0.623744 0.035161 0.0759477
3 0.625317 0.734408 0.0553811 0.117224
3 0.559166 0.673703 0.0336081 0.0705249
0 0.842371 0.469039 0.0188125 0.0423141
