2 0.651537 0.731248 0.108657 0.121444
5 0.49898 0.617023 0.0951946 0.239854
2 0.41148 0.575633 0.0827387 0.105708
0 0.499462 0.772008 0.041555 0.0456782
2 0.596271 0.622781 0.0702234 0.117972
0 0.254081 0.733042 0.0379207 0.0944042
2 0.581561 0.533862 0.0510218 0.0732699
2 0.434957 0.498784 0.0422098 0.0523078
2 0.507895 0.472954 0.0392817 0.0525299
2 0.327512 0.774305 0.0884694 0.0405724
25 0.232763 0.504119 0.0675478 0.0336015
2 0.448527 0.447042 0.038003 0.0405394
2 0.518234 0.394287 0.0223605 0.0275522
2 0.32816 0.759038 0.0890954 0.0720904
