5 0.675982 0.561259 0.336032 0.322989
2 0.335502 0.445148 0.0544816 0.0569943
2 0.201458 0.430209 0.0593414 0.0474166
2 0.233865 0.410667 0.0567342 0.0409082
2 0.843938 0.373231 0.069939 0.0338441
2 0.508246 0.381993 0.0504152 0.0367502
2 0.301603 0.414961 0.0366692 0.0408959
3 0.196855 0.570618 0.0294565 0.0749828
3 0.305107 0.618097 0.030129 0.067116
3 0.249197 0.635846 0.0298248 0.0713471
3 0.303649 0.606764 0.0320282 0.0806476
2 0.686344 0.367528 0.0505439 0.0267592
2 0.590358 0.360735 0.0649201 0.0306714
3 0.465082 0.477412 0.0376192 0.0453144
2 0.3915 0.473075 0.0307023 0.0469453
