7 0.219113 0.583109 0.195662 0.25893
2 0.271808 0.74837 0.252387 0.0937404
7 0.472778 0.460093 0.0885868 0.134023
0 0.591069 0.446519 0.0163775 0.0489066
5 0.471844 0.461306 0.0888922 0.133489
2 0.851799 0.384434 0.0546171 0.0591753
2 0.545642 0.356296 0.0335267 0.053847
3 0.376732 0.416405 0.0300416 0.045068
2 0.431702 0.408428 0.0613148 0.0632293
3 0.582075 0.512356 0.0260912 0.0563402
7 0.545986 0.353347 0.0332325 0.0557605
0 0.548946 0.475675 0.021764 0.0610427
2 0.50323 0.346566 0.0235182 0.0323354
2 0.32889 0.455046 0.0929535 0.0927709
