1 0.44931 0.597168 0.137497 0.146028
1 0.850383 0.7296 0.0920328 0.13432
1 0.564908 0.567653 0.128286 0.128734
1 0.741256 0.752622 0.190917 0.0867411
1 0.642183 0.368462 0.0526182 0.0283919
3 0.420796 0.43339 0.0876395 0.10923
1 0.614948 0.352977 0.0548705 0.0362773
3 0.338448 0.389371 0.0609561 0.0582326
2 0.479534 0.346505 0.120464 0.0516738
0 0.19226 0.485722 0.0198799 0.0490703
0 0.333037 0.454899 0.0249575 0.0473695
1 0.189272 0.385246 0.0403465 0.0375545
1 0.730699 0.360586 0.0462457 0.0272281
1 0.368556 0.344802 0.0260928 0.0227857
0 0.843259 0.509537 0.0489007 0.0480291
0 0.236414 0.55336 0.0261874 0.0601148
3 0.479723 0.346205 0.119964 0.0525915
