3 0.839783 0.582305 0.113003 0.201646
1 0.561146 0.372428 0.026316 0.028807
0 0.768576 0.666667 0.041796 0.069959
1 0.438080 0.495885 0.046440 0.057613
0 0.558824 0.585391 0.024768 0.055556
0 0.510062 0.588477 0.020124 0.065844
0 0.520124 0.533951 0.018576 0.047325
0 0.488390 0.526749 0.013932 0.045267
0 0.488390 0.478395 0.013932 0.043210
0 0.497678 0.422840 0.013932 0.034979
0 0.675697 0.492798 0.023220 0.039095
0 0.751548 0.576132 0.035604 0.074074
0 0.703560 0.511317 0.020124 0.051440
0 0.734520 0.503086 0.017028 0.047325
0 0.715170 0.466049 0.018576 0.047325
0 0.683437 0.462963 0.017028 0.041152
0 0.623065 0.427984 0.013932 0.032922
0 0.595975 0.419753 0.015480 0.032922
0 0.596749 0.376543 0.017028 0.032922
0 0.450464 0.387860 0.015480 0.039095
0 0.476006 0.354938 0.017028 0.030864
0 0.444272 0.344650 0.015480 0.034979
