1 0.756489 0.379189 0.0523643 0.0433836
0 0.332131 0.443624 0.0319077 0.0533188
1 0.841717 0.387435 0.0579907 0.0458773
1 0.802363 0.353837 0.0410212 0.0420719
0 0.834518 0.460938 0.0286163 0.0615166
0 0.160252 0.363671 0.0412946 0.0454038
0 0.650775 0.604995 0.0541712 0.0519852
1 0.708345 0.301703 0.0307611 0.0307808
0 0.855575 0.536201 0.0331138 0.0635239
0 0.536745 0.440627 0.0272627 0.043242
1 0.618659 0.323086 0.043941 0.0301022
0 0.793567 0.438787 0.0253433 0.0496906
0 0.649405 0.594196 0.0538429 0.0714552
