1 0.348812 0.504691 0.0949581 0.104953
1 0.150411 0.716273 0.0945832 0.156029
0 0.214907 0.579838 0.0430432 0.0909456
1 0.490271 0.417337 0.043474 0.0510977
0 0.545074 0.510164 0.023955 0.0676601
1 0.269473 0.736926 0.245339 0.118367
0 0.77274 0.468024 0.0529699 0.0388529
0 0.566787 0.622798 0.0298674 0.0953099
0 0.125244 0.612033 0.0434739 0.0805231
0 0.254477 0.527197 0.0413078 0.0734141
3 0.422923 0.417241 0.0627734 0.0995117
1 0.470479 0.373235 0.0309926 0.0334825
0 0.186205 0.560142 0.0405546 0.0780828
