1 0.798103 0.727628 0.194476 0.12811
1 0.4864 0.495412 0.0850526 0.0781205
1 0.181005 0.500734 0.0537871 0.0740258
1 0.576214 0.578142 0.120329 0.0958526
2 0.831649 0.603089 0.129992 0.17819
1 0.322002 0.45635 0.0536544 0.0641123
1 0.524741 0.462053 0.0694034 0.0605609
1 0.414569 0.41383 0.0462522 0.0387818
0 0.315818 0.652778 0.0336515 0.0741859
0 0.24843 0.542464 0.0260813 0.0502576
0 0.699655 0.569601 0.0601643 0.0656775
1 0.621227 0.524538 0.123926 0.0909408
1 0.449047 0.451518 0.056247 0.0438001
