1 0.692724 0.582305 0.078947 0.082305
1 0.174149 0.654321 0.134675 0.119342
1 0.342879 0.449588 0.044892 0.043210
1 0.445046 0.434156 0.035604 0.045267
0 0.424923 0.656379 0.041796 0.082305
0 0.471362 0.496914 0.020124 0.047325
0 0.489938 0.450617 0.013932 0.037037
0 0.496130 0.415638 0.017028 0.032922
0 0.469040 0.398148 0.012384 0.026749
0 0.487616 0.364198 0.024768 0.024691
1 0.702786 0.429012 0.049536 0.047325
1 0.444272 0.350823 0.015480 0.022634
1 0.401703 0.337449 0.017028 0.024691
0 0.811920 0.643004 0.041796 0.076132
0 0.755418 0.563786 0.024768 0.049383
0 0.743808 0.509259 0.026316 0.047325
0 0.658669 0.482510 0.020124 0.043210
0 0.678793 0.471193 0.023220 0.032922
0 0.643963 0.450617 0.018576 0.037037
0 0.622291 0.408436 0.024768 0.034979
