1 0.63961 0.529791 0.0653473 0.0950897
1 0.469498 0.518878 0.0482309 0.0739867
1 0.601987 0.435038 0.0403803 0.0512223
1 0.522905 0.408705 0.0301457 0.039813
1 0.396702 0.503546 0.0430144 0.0508567
1 0.713309 0.750024 0.11601 0.0899653
1 0.477468 0.397871 0.0269082 0.0315168
1 0.492121 0.443575 0.0367815 0.0481591
1 0.282758 0.595147 0.123258 0.125556
1 0.561015 0.58424 0.064212 0.0974646
0 0.160259 0.52842 0.0564092 0.065597
1 0.622396 0.3694 0.0440155 0.0319869
1 0.566421 0.39943 0.0303105 0.040875
0 0.400593 0.627816 0.0240451 0.0609467
