1 0.297214 0.725309 0.114551 0.137860
1 0.365325 0.401235 0.034056 0.032922
1 0.594427 0.414609 0.018576 0.026749
1 0.418731 0.369342 0.020124 0.030864
1 0.432663 0.345679 0.017028 0.024691
1 0.469040 0.334362 0.018576 0.026749
0 0.503096 0.384774 0.015480 0.028807
0 0.476006 0.407407 0.010836 0.024691
0 0.473684 0.449588 0.012384 0.034979
0 0.499226 0.485597 0.023220 0.049383
0 0.551084 0.530864 0.021672 0.045267
0 0.503870 0.580247 0.023220 0.053498
0 0.438080 0.554527 0.021672 0.051440
0 0.404025 0.531893 0.021672 0.055556
0 0.402477 0.407407 0.009288 0.024691
0 0.685759 0.566872 0.021672 0.059671
0 0.737616 0.551440 0.032508 0.049383
0 0.706656 0.506173 0.026316 0.045267
0 0.659443 0.484568 0.024768 0.047325
0 0.698916 0.461934 0.017028 0.039095
0 0.626161 0.430041 0.017028 0.028807
