1 0.432663 0.399177 0.029412 0.032922
1 0.615325 0.447531 0.038700 0.047325
0 0.706656 0.574074 0.023220 0.049383
0 0.417957 0.577160 0.027864 0.063786
0 0.467492 0.494856 0.018576 0.039095
1 0.385449 0.375514 0.024768 0.034979
1 0.419505 0.328189 0.018576 0.026749
0 0.767802 0.695473 0.030960 0.082305
0 0.870743 0.729424 0.041796 0.080247
0 0.729102 0.533951 0.021672 0.051440
0 0.686533 0.523663 0.029412 0.047325
0 0.682663 0.481481 0.018576 0.032922
0 0.746904 0.509259 0.020124 0.039095
0 0.758514 0.497942 0.018576 0.041152
0 0.702012 0.477366 0.017028 0.041152
0 0.674149 0.451646 0.020124 0.034979
0 0.652477 0.417695 0.010836 0.028807
0 0.508514 0.376543 0.010836 0.016461
0 0.632353 0.404321 0.017028 0.026749
0 0.601393 0.406379 0.013932 0.026749
