1 0.421827 0.743827 0.088235 0.096708
1 0.135449 0.757202 0.063467 0.074074
1 0.684211 0.483539 0.049536 0.049383
1 0.390867 0.363169 0.029412 0.026749
1 0.800310 0.415638 0.030960 0.032922
0 0.521672 0.633745 0.030960 0.069959
0 0.602941 0.741770 0.044892 0.084362
0 0.465944 0.460905 0.027864 0.053498
0 0.849071 0.766461 0.060372 0.055556
0 0.752322 0.591564 0.034056 0.059671
0 0.758514 0.549383 0.030960 0.041152
0 0.659443 0.524691 0.024768 0.045267
0 0.751548 0.512346 0.026316 0.032922
0 0.876161 0.617284 0.043344 0.057613
0 0.865325 0.666667 0.052632 0.069959
0 0.852941 0.707819 0.058824 0.065844
0 0.723684 0.478395 0.020124 0.043210
0 0.446594 0.394033 0.017028 0.030864
0 0.616873 0.406379 0.017028 0.030864
1 0.700464 0.426955 0.060372 0.059671
