1 0.674923 0.569959 0.071207 0.078189
1 0.140093 0.745885 0.075851 0.092593
1 0.374613 0.422840 0.034056 0.039095
1 0.386997 0.371399 0.027864 0.022634
0 0.506966 0.669753 0.029412 0.067901
0 0.496904 0.515432 0.027864 0.047325
0 0.467492 0.450617 0.015480 0.041152
0 0.439628 0.443416 0.015480 0.039095
0 0.414087 0.451646 0.017028 0.030864
0 0.431889 0.410494 0.015480 0.034979
0 0.418731 0.427984 0.013932 0.032922
0 0.777090 0.585391 0.037152 0.055556
0 0.767028 0.536008 0.029412 0.051440
0 0.650155 0.439300 0.021672 0.030864
0 0.606037 0.425926 0.013932 0.028807
0 0.569659 0.380658 0.015480 0.024691
0 0.633127 0.404321 0.021672 0.034979
0 0.604489 0.395062 0.010836 0.024691
0 0.498452 0.352881 0.015480 0.026749
0 0.439628 0.349794 0.012384 0.024691
