1 0.280207 0.574062 0.211242 0.157257
3 0.563973 0.5415 0.14815 0.155759
1 0.810344 0.393005 0.0609621 0.0474796
1 0.868236 0.368895 0.053616 0.0444167
1 0.818453 0.453459 0.0910885 0.0729237
1 0.608959 0.446194 0.105106 0.083684
2 0.691612 0.474575 0.129809 0.138524
1 0.739468 0.41401 0.0704729 0.0557864
0 0.398461 0.617189 0.0573405 0.0815643
0 0.385851 0.47649 0.0512618 0.0684216
0 0.801069 0.564634 0.0463983 0.0795354
1 0.382703 0.326635 0.0399331 0.0554593
0 0.713817 0.576283 0.0499151 0.0812261
