1 0.435688 0.599436 0.124805 0.157721
1 0.802671 0.56615 0.155037 0.136851
1 0.492927 0.428241 0.0715343 0.063883
1 0.376299 0.499636 0.0960821 0.124136
1 0.651669 0.470679 0.098823 0.0943353
1 0.431415 0.468026 0.0914194 0.0950289
1 0.578213 0.487487 0.128946 0.100021
2 0.593836 0.382874 0.118155 0.1037
1 0.44299 0.475375 0.0659226 0.0832825
1 0.302983 0.357495 0.0412511 0.0518361
1 0.755078 0.626796 0.199991 0.191581
1 0.328809 0.398757 0.049598 0.0654848
1 0.431502 0.379358 0.0488562 0.0528292
1 0.388285 0.39593 0.063873 0.0552382
1 0.280734 0.313409 0.0420095 0.0388056
