1 0.690402 0.599794 0.123839 0.104938
1 0.530960 0.576132 0.099071 0.098765
1 0.813467 0.724280 0.165635 0.144033
1 0.655573 0.728395 0.178019 0.135802
1 0.500774 0.501029 0.060372 0.072016
1 0.513932 0.417695 0.046440 0.049383
1 0.589009 0.501029 0.072755 0.067901
1 0.363777 0.484568 0.046440 0.067901
1 0.352941 0.416667 0.037152 0.047325
1 0.398607 0.394033 0.051084 0.039095
0 0.442724 0.576132 0.030960 0.086420
0 0.452786 0.687243 0.038700 0.111111
0 0.293344 0.744856 0.060372 0.102881
0 0.416409 0.441358 0.012384 0.034979
0 0.456656 0.415638 0.018576 0.037037
