1 0.463755 0.453139 0.0642755 0.0611218
1 0.336001 0.434605 0.0596973 0.0505127
1 0.790419 0.368017 0.063677 0.0340923
1 0.398198 0.444845 0.0704431 0.0541052
1 0.287447 0.43246 0.0375065 0.0431675
2 0.862229 0.472526 0.0684792 0.141684
0 0.215763 0.558612 0.0296136 0.0679605
1 0.420274 0.366291 0.0418284 0.0261559
0 0.164488 0.554473 0.0290953 0.067206
0 0.380479 0.496853 0.04389 0.0532523
1 0.635136 0.359958 0.0517596 0.0396142
1 0.489062 0.387879 0.0599368 0.0380352
3 0.861979 0.472386 0.0690433 0.142762
2 0.24 0.442618 0.0649732 0.10634
1 0.572415 0.352168 0.0592984 0.0376326
1 0.260983 0.364228 0.0255221 0.0283525
