1 0.424199 0.47222 0.0727082 0.0675622
1 0.601408 0.407884 0.0716171 0.0505608
2 0.744154 0.454921 0.0936496 0.118689
1 0.743771 0.374018 0.0329281 0.0375732
1 0.80581 0.398074 0.0448143 0.0476217
0 0.164562 0.719327 0.057795 0.110555
0 0.139136 0.493504 0.0257338 0.0555407
1 0.783823 0.348636 0.0296171 0.0338111
0 0.697455 0.517935 0.0545506 0.0541927
0 0.635537 0.481455 0.051288 0.0569932
0 0.349373 0.467912 0.0211821 0.0520919
3 0.744501 0.455113 0.091257 0.119236
0 0.228465 0.510116 0.0258999 0.0466401
3 0.47298 0.73557 0.260801 0.111504
0 0.796788 0.571869 0.0311632 0.0583868
