1 0.315789 0.482510 0.055728 0.059671
1 0.412539 0.333333 0.013932 0.020576
1 0.472910 0.375514 0.020124 0.026749
1 0.490712 0.349794 0.015480 0.020576
1 0.467492 0.325103 0.018576 0.032922
0 0.845201 0.757202 0.046440 0.074074
0 0.753096 0.659465 0.032508 0.076132
0 0.683437 0.501029 0.023220 0.043210
0 0.705108 0.482510 0.020124 0.043210
0 0.633901 0.463992 0.013932 0.034979
0 0.609133 0.454733 0.017028 0.037037
0 0.487616 0.411523 0.018576 0.024691
0 0.684211 0.430041 0.015480 0.032922
0 0.633127 0.418724 0.018576 0.034979
0 0.613777 0.415638 0.010836 0.024691
