1 0.303652 0.379189 0.0507394 0.0290642
1 0.609967 0.362098 0.0456045 0.0271755
1 0.506675 0.362842 0.0526635 0.0318283
1 0.720316 0.361815 0.06374 0.0332368
1 0.135237 0.376929 0.0581623 0.0370202
0 0.599868 0.49629 0.0459709 0.051299
1 0.362407 0.339839 0.0251222 0.0212073
2 0.837672 0.356328 0.117012 0.0699337
0 0.747802 0.47109 0.0530165 0.0604396
1 0.730489 0.362716 0.0445331 0.0295713
0 0.655062 0.467843 0.0451277 0.0550776
0 0.22713 0.553693 0.0248047 0.0684643
1 0.114423 0.398554 0.0232657 0.0319551
