1 0.641361 0.394458 0.0728547 0.0553485
1 0.454305 0.391635 0.0668039 0.0534274
1 0.408288 0.484259 0.119169 0.0973018
1 0.58134 0.355881 0.0459316 0.0368473
0 0.446919 0.536619 0.0465141 0.0735776
1 0.706035 0.389155 0.0582758 0.0560961
1 0.744765 0.355512 0.0490029 0.0416633
0 0.357103 0.759795 0.0630733 0.0743666
0 0.166851 0.723942 0.0856387 0.113556
0 0.836533 0.508962 0.02924 0.0530082
0 0.654775 0.588103 0.0352197 0.0761042
1 0.704316 0.382934 0.0586944 0.0395555
0 0.127547 0.466679 0.0471018 0.0658669
