1 0.579012 0.640427 0.171912 0.172555
1 0.422822 0.584637 0.118158 0.173715
1 0.691025 0.482133 0.115812 0.110922
1 0.464493 0.477382 0.0908817 0.0965281
1 0.496862 0.424686 0.081533 0.0739253
1 0.589261 0.477464 0.118019 0.136037
1 0.358769 0.461216 0.0798111 0.100454
1 0.844468 0.693837 0.103124 0.171261
1 0.598784 0.7591 0.148203 0.0728603
1 0.396182 0.410263 0.0690787 0.0621625
1 0.328579 0.398862 0.046576 0.0557152
1 0.608411 0.393711 0.0819603 0.0689755
1 0.778376 0.587544 0.0570673 0.0672768
0 0.721659 0.672414 0.060426 0.116984
1 0.301322 0.36537 0.038909 0.0510934
