1 0.827674 0.486536 0.135322 0.0765232
1 0.301549 0.431395 0.0738293 0.0493007
1 0.45245 0.465779 0.0844488 0.0512602
1 0.860903 0.372642 0.0678982 0.0326974
1 0.480475 0.344828 0.0445612 0.0252103
1 0.515751 0.378468 0.0607912 0.0442336
1 0.418302 0.433108 0.071047 0.0451976
0 0.204916 0.545319 0.0279621 0.0499727
0 0.385489 0.66759 0.0487805 0.071693
0 0.205044 0.532728 0.0275347 0.0725803
1 0.292268 0.365044 0.0313022 0.0270568
1 0.370513 0.368262 0.0599611 0.0241826
0 0.542181 0.490169 0.0474047 0.052589
0 0.483572 0.524419 0.0560278 0.0586252
0 0.174771 0.623064 0.049709 0.0627883
