0 0.337461 0.555556 0.021672 0.061728
0 0.366873 0.615226 0.021672 0.065844
1 0.508514 0.735597 0.082043 0.121399
1 0.470588 0.379630 0.021672 0.030864
0 0.393189 0.729424 0.037152 0.088477
0 0.572755 0.696502 0.021672 0.084362
0 0.619969 0.702675 0.020124 0.072016
0 0.436533 0.507202 0.021672 0.047325
0 0.465170 0.473251 0.023220 0.041152
0 0.515480 0.447531 0.015480 0.034979
0 0.482972 0.439300 0.021672 0.034979
0 0.712848 0.476337 0.023220 0.051440
0 0.602941 0.421811 0.017028 0.032922
0 0.406347 0.401235 0.013932 0.028807
0 0.421827 0.419753 0.020124 0.032922
0 0.506966 0.370370 0.020124 0.041152
0 0.602941 0.378601 0.020124 0.032922
