1 0.750401 0.691948 0.160023 0.139573
1 0.711983 0.557808 0.118364 0.0921705
1 0.52631 0.602976 0.105289 0.132144
1 0.38 0.428718 0.0316338 0.0423102
1 0.386271 0.557977 0.0767678 0.106737
1 0.341194 0.453149 0.0449188 0.0540472
1 0.564151 0.510217 0.0787319 0.0743731
1 0.47312 0.438551 0.044664 0.0468148
1 0.502184 0.764743 0.111099 0.0582461
1 0.346077 0.361033 0.0258332 0.0340731
1 0.325838 0.406805 0.0312033 0.0303719
3 0.428403 0.476388 0.0686446 0.0949674
1 0.313331 0.38142 0.0273014 0.0349865
3 0.417455 0.367419 0.0325596 0.0420425
1 0.324109 0.402488 0.0349172 0.0370947
