1 0.332043 0.657407 0.094427 0.109053
0 0.574303 0.692387 0.030960 0.084362
0 0.521672 0.624486 0.027864 0.063786
0 0.534830 0.566872 0.026316 0.055556
0 0.445046 0.441358 0.020124 0.043210
0 0.486068 0.441358 0.024768 0.047325
0 0.519350 0.438272 0.020124 0.045267
0 0.628483 0.470165 0.024768 0.043210
0 0.678793 0.476337 0.026316 0.043210
0 0.666409 0.504115 0.023220 0.045267
0 0.732972 0.560700 0.026316 0.043210
0 0.836687 0.615226 0.029412 0.069959
0 0.857585 0.750000 0.061920 0.092593
0 0.434985 0.363169 0.012384 0.026749
0 0.606811 0.412551 0.012384 0.030864
0 0.647833 0.417695 0.013932 0.024691
1 0.706656 0.431070 0.047988 0.055556
