1 0.366099 0.563786 0.072755 0.090535
1 0.443498 0.424897 0.032508 0.039095
1 0.702012 0.433128 0.057276 0.055556
1 0.397059 0.361111 0.023220 0.026749
1 0.802632 0.415638 0.029412 0.037037
0 0.518576 0.569959 0.024768 0.065844
0 0.473684 0.710905 0.030960 0.084362
0 0.410217 0.729424 0.034056 0.084362
0 0.543344 0.475309 0.018576 0.045267
0 0.474458 0.430041 0.010836 0.037037
0 0.698142 0.545267 0.021672 0.053498
0 0.780960 0.534979 0.029412 0.053498
1 0.487616 0.374486 0.024768 0.041152
1 0.593653 0.416667 0.035604 0.043210
1 0.419505 0.380658 0.024768 0.032922
