1 0.650169 0.532033 0.127173 0.125171
1 0.427876 0.441964 0.0702267 0.0733505
1 0.498878 0.508884 0.107013 0.108196
1 0.829811 0.599942 0.132231 0.121695
1 0.691606 0.688116 0.224712 0.217848
1 0.579499 0.424473 0.0806358 0.0646215
1 0.526052 0.45353 0.0746601 0.0740979
1 0.701482 0.486553 0.11408 0.113242
1 0.837805 0.707046 0.117079 0.13154
2 0.28792 0.306608 0.100234 0.0916915
1 0.727422 0.468155 0.143048 0.0950412
1 0.461753 0.403507 0.0626094 0.0581603
1 0.623367 0.41437 0.0723668 0.059998
1 0.453866 0.351407 0.043988 0.0453052
1 0.867751 0.541808 0.0568127 0.088358
2 0.379183 0.37422 0.0770816 0.0957112
