1 0.572208 0.474969 0.110177 0.0668323
1 0.481724 0.504604 0.0844103 0.0779544
1 0.414847 0.446929 0.0806878 0.0517363
1 0.859279 0.468638 0.0743633 0.0662525
1 0.740358 0.498888 0.128171 0.0716879
0 0.555395 0.558972 0.0941496 0.0840112
1 0.563404 0.366774 0.0532016 0.0335792
2 0.255725 0.50849 0.111813 0.168845
1 0.324172 0.439758 0.0548494 0.0575686
1 0.375268 0.417129 0.0449893 0.0479442
1 0.509635 0.454895 0.0619707 0.0650333
1 0.470609 0.388954 0.0435297 0.0437695
0 0.642664 0.538668 0.0584577 0.0705057
1 0.339824 0.393939 0.0328232 0.0335113
1 0.719507 0.366114 0.0600944 0.0265315
1 0.300012 0.393852 0.0353977 0.0462423
