1 0.405534 0.37382 0.0420569 0.0326875
1 0.376065 0.404601 0.0316937 0.0413886
1 0.189624 0.470908 0.0909048 0.122653
0 0.499272 0.639654 0.0725023 0.0944372
0 0.827047 0.737557 0.0587532 0.0978163
3 0.838237 0.409309 0.0713733 0.0785929
0 0.200355 0.544788 0.0338733 0.075111
0 0.86777 0.540146 0.0304317 0.0440721
0 0.113936 0.604107 0.0242547 0.0729319
0 0.282332 0.513486 0.0225973 0.0445503
3 0.474269 0.723494 0.260449 0.133879
0 0.804915 0.587742 0.0344944 0.0585117
3 0.263259 0.365905 0.0301359 0.0482492
