1 0.717907 0.426241 0.0821222 0.0479998
1 0.376163 0.395585 0.0691763 0.0541146
0 0.652698 0.449407 0.0454161 0.058361
1 0.423253 0.377807 0.0759451 0.0484184
1 0.275521 0.373534 0.0820383 0.0556972
0 0.495299 0.428973 0.0395985 0.0506374
0 0.506701 0.536373 0.0590791 0.0663506
1 0.222892 0.402022 0.0715735 0.037418
1 0.475748 0.372576 0.0678128 0.043616
0 0.342976 0.671353 0.0669519 0.0834671
0 0.578624 0.448764 0.0422883 0.051811
0 0.719745 0.48444 0.0494409 0.0549688
0 0.82309 0.510831 0.0554731 0.0578367
0 0.299731 0.460506 0.0258357 0.0594622
