1 0.473684 0.398148 0.030960 0.055556
1 0.702012 0.431070 0.054180 0.059671
0 0.708204 0.608025 0.035604 0.067901
0 0.806502 0.671811 0.043344 0.076132
0 0.813467 0.575103 0.026316 0.063786
0 0.705882 0.504115 0.021672 0.045267
0 0.681115 0.501029 0.027864 0.047325
0 0.678793 0.463992 0.026316 0.034979
0 0.595975 0.430041 0.015480 0.032922
0 0.620743 0.414609 0.021672 0.026749
0 0.610681 0.389918 0.020124 0.026749
0 0.421053 0.415638 0.018576 0.037037
0 0.430341 0.394033 0.015480 0.026749
3 0.445820 0.362140 0.021672 0.032922
