1 0.774733 0.630118 0.17051 0.164454
1 0.710609 0.510922 0.133764 0.091433
1 0.646197 0.646912 0.190691 0.22112
1 0.503238 0.535201 0.0952288 0.119086
1 0.841981 0.604598 0.108579 0.139349
1 0.828317 0.506847 0.134372 0.100087
1 0.677093 0.440042 0.0916506 0.0757247
1 0.332801 0.384753 0.0531201 0.0597396
1 0.24674 0.293873 0.0495283 0.0516384
1 0.408715 0.409309 0.0685021 0.0721214
2 0.585474 0.478399 0.128692 0.167599
2 0.468486 0.342778 0.0666061 0.0777305
1 0.576881 0.323654 0.0395657 0.0282621
