1 0.708819 0.611168 0.0949909 0.124699
1 0.805879 0.56996 0.0948387 0.106639
1 0.854929 0.707306 0.0835665 0.172813
1 0.36354 0.492564 0.0812121 0.091645
1 0.468648 0.449342 0.0685839 0.0920726
1 0.767763 0.491794 0.0583776 0.0843415
1 0.548038 0.459317 0.0591852 0.085435
1 0.809279 0.44077 0.0508513 0.0542018
1 0.484487 0.37807 0.0407535 0.0449861
1 0.529306 0.379254 0.0371556 0.045963
1 0.568982 0.386738 0.0399545 0.0550823
2 0.344478 0.67879 0.279325 0.223371
3 0.686774 0.461785 0.0667786 0.118185
1 0.556992 0.334639 0.0241042 0.0255941
