1 0.296440 0.519547 0.066563 0.067901
1 0.423375 0.626543 0.072755 0.104938
1 0.135449 0.746914 0.066563 0.094650
1 0.425697 0.370370 0.027864 0.045267
1 0.700464 0.429012 0.057276 0.051440
1 0.407121 0.354938 0.018576 0.026749
1 0.465170 0.336420 0.013932 0.018519
1 0.500774 0.332305 0.017028 0.018519
0 0.318111 0.653292 0.029412 0.080247
0 0.318111 0.752058 0.032508 0.084362
0 0.506966 0.563786 0.026316 0.053498
0 0.517028 0.515432 0.021672 0.047325
0 0.488390 0.487654 0.023220 0.045267
0 0.482198 0.421811 0.017028 0.032922
0 0.457430 0.432099 0.017028 0.032922
0 0.688854 0.567901 0.027864 0.057613
0 0.738390 0.603909 0.030960 0.059671
0 0.788700 0.579218 0.029412 0.055556
0 0.815789 0.654321 0.037152 0.074074
0 0.831269 0.743827 0.058824 0.088477
0 0.875387 0.675926 0.047988 0.088477
0 0.709752 0.528807 0.023220 0.041152
0 0.726006 0.488683 0.024768 0.034979
0 0.671827 0.473251 0.015480 0.032922
0 0.613003 0.442387 0.012384 0.037037
0 0.636223 0.446502 0.012384 0.037037
0 0.643963 0.410494 0.012384 0.030864
0 0.606037 0.403292 0.013932 0.032922
0 0.446594 0.405350 0.013932 0.032922
