1 0.327628 0.626607 0.112852 0.139255
1 0.200042 0.623812 0.135694 0.14412
1 0.81048 0.726377 0.16843 0.1372
1 0.386971 0.52154 0.0641709 0.0845861
1 0.714772 0.455029 0.0578074 0.063612
1 0.137169 0.538187 0.0665574 0.11554
1 0.225904 0.50429 0.0727215 0.0957762
1 0.173174 0.492396 0.0649078 0.0682239
1 0.209086 0.779468 0.0980936 0.0296917
1 0.118947 0.644631 0.0316988 0.0972198
1 0.546689 0.386436 0.0410229 0.0383799
1 0.261498 0.435375 0.0440389 0.0531687
1 0.814201 0.44815 0.0538786 0.0616127
1 0.291544 0.512341 0.0921575 0.139012
1 0.214294 0.425558 0.0501646 0.0523466
1 0.363584 0.444909 0.0513288 0.0577401
