2 0.564813 0.496811 0.272239 0.184207
1 0.217283 0.581224 0.176643 0.157956
1 0.825727 0.488785 0.098583 0.0637288
1 0.156946 0.407202 0.0538703 0.0715095
1 0.347053 0.334003 0.0590451 0.0317139
0 0.368963 0.557959 0.0505454 0.0876957
0 0.687203 0.630155 0.054274 0.0589935
0 0.472055 0.669733 0.0803101 0.0892826
1 0.559104 0.338327 0.080492 0.0350231
1 0.775078 0.444307 0.0470678 0.0494303
0 0.75231 0.660921 0.0530102 0.0725428
1 0.576759 0.338432 0.0452476 0.0334664
1 0.298744 0.32918 0.0581015 0.0302846
1 0.544436 0.341401 0.051417 0.0313109
