1 0.122602 0.470231 0.0383941 0.0855346
3 0.379284 0.537494 0.226478 0.210717
0 0.248189 0.755832 0.0619599 0.0760225
0 0.149641 0.56523 0.0660272 0.0584282
1 0.77721 0.366446 0.0326805 0.0272505
0 0.136248 0.744061 0.0626175 0.0976882
0 0.628992 0.776655 0.0675542 0.0388094
0 0.755269 0.490132 0.0318094 0.0511694
1 0.290029 0.332713 0.0762393 0.0493465
0 0.668279 0.551995 0.0298991 0.0657627
3 0.253865 0.302944 0.0678351 0.0590988
1 0.836565 0.371728 0.0281559 0.0255522
0 0.132405 0.664773 0.0566391 0.103725
