1 0.462848 0.466049 0.043344 0.051440
1 0.148607 0.750000 0.086687 0.088477
1 0.472910 0.363169 0.023220 0.026749
1 0.430341 0.380658 0.027864 0.024691
0 0.530186 0.740741 0.044892 0.098765
0 0.491486 0.511317 0.029412 0.047325
0 0.704334 0.650206 0.043344 0.061728
0 0.753096 0.514403 0.023220 0.045267
0 0.709752 0.500000 0.026316 0.041152
0 0.715170 0.470165 0.027864 0.034979
0 0.633127 0.465021 0.015480 0.041152
0 0.660217 0.459877 0.023220 0.034979
0 0.613777 0.423868 0.013932 0.032922
0 0.650155 0.426955 0.021672 0.026749
1 0.387771 0.377572 0.020124 0.026749
1 0.702012 0.426955 0.051084 0.051440
