1 0.331349 0.655143 0.124503 0.138077
2 0.147278 0.554584 0.0863518 0.17444
2 0.381124 0.408365 0.0488994 0.0926529
1 0.122696 0.69454 0.0383264 0.129267
1 0.435753 0.503663 0.0484509 0.0644527
0 0.583855 0.433364 0.0166154 0.0379482
1 0.398623 0.563784 0.063639 0.0838255
2 0.44038 0.427609 0.0547627 0.0860765
1 0.198743 0.760708 0.189592 0.0678695
2 0.383205 0.342826 0.0390976 0.0396315
1 0.424908 0.370488 0.0247753 0.0337081
1 0.519784 0.40355 0.0293806 0.031794
0 0.497695 0.610509 0.0330734 0.048971
0 0.223002 0.488845 0.0267561 0.0529106
