1 0.751119 0.543495 0.081679 0.0951685
1 0.68654 0.43853 0.0517726 0.0616759
1 0.432899 0.413987 0.0474008 0.0433313
0 0.17806 0.662689 0.0556995 0.102027
1 0.206097 0.395718 0.0317208 0.0303611
1 0.773213 0.35019 0.0269396 0.0276014
1 0.235704 0.365204 0.0262373 0.0260311
0 0.331609 0.495359 0.0224929 0.0600301
0 0.131365 0.564181 0.0455718 0.07859
0 0.200942 0.481959 0.0303621 0.053073
3 0.473908 0.723192 0.260821 0.134765
0 0.381364 0.460512 0.0270095 0.0491335
0 0.245226 0.57679 0.0326193 0.0637002
0 0.254811 0.464618 0.0212778 0.0488408
