1 0.856811 0.745885 0.078947 0.096708
1 0.342105 0.457819 0.049536 0.051440
1 0.604489 0.427984 0.032508 0.032922
1 0.678793 0.403292 0.060372 0.037037
0 0.508514 0.440329 0.017028 0.028807
0 0.716718 0.487654 0.018576 0.037037
0 0.745356 0.696502 0.035604 0.088477
0 0.681115 0.442387 0.018576 0.032922
0 0.630031 0.408436 0.015480 0.034979
0 0.506966 0.362140 0.010836 0.024691
0 0.486068 0.358025 0.015480 0.024691
0 0.442724 0.361111 0.012384 0.030864
0 0.645511 0.423868 0.015480 0.032922
0 0.422601 0.365226 0.015480 0.022634
