1 0.517028 0.517490 0.052632 0.076132
1 0.440402 0.767490 0.094427 0.053498
1 0.457430 0.453704 0.032508 0.043210
1 0.702786 0.433128 0.055728 0.055556
0 0.748452 0.593621 0.032508 0.059671
0 0.836687 0.697531 0.051084 0.090535
0 0.746904 0.507202 0.029412 0.047325
0 0.686533 0.491770 0.026316 0.045267
0 0.556502 0.551440 0.023220 0.065844
0 0.466718 0.574074 0.029412 0.057613
0 0.464396 0.506173 0.027864 0.041152
0 0.628483 0.423868 0.012384 0.032922
0 0.585913 0.405350 0.013932 0.032922
0 0.603715 0.410494 0.012384 0.030864
