1 0.441052 0.449443 0.0917027 0.0602637
1 0.280424 0.378495 0.0503964 0.0287107
1 0.16321 0.401548 0.0621999 0.040734
0 0.197303 0.569085 0.0265072 0.0705933
0 0.57891 0.495263 0.049324 0.0591277
1 0.757732 0.360118 0.065237 0.0363267
1 0.808949 0.372731 0.0770526 0.0332293
0 0.873047 0.506549 0.0477447 0.0642594
0 0.307673 0.434652 0.023696 0.042576
1 0.813051 0.330796 0.0252077 0.0281506
1 0.398638 0.369592 0.0236922 0.0232259
1 0.644641 0.360271 0.0530785 0.0322763
0 0.218334 0.500283 0.0294872 0.0746485
0 0.370472 0.469109 0.0329207 0.0539327
0 0.363355 0.744408 0.0336944 0.081181
