0 0.129257 0.638889 0.051084 0.129630
1 0.123839 0.427984 0.040248 0.049383
0 0.647059 0.729424 0.052632 0.113169
0 0.450464 0.615226 0.043344 0.098765
0 0.500000 0.563786 0.037152 0.086420
0 0.429567 0.490741 0.029412 0.067901
0 0.378483 0.475309 0.032508 0.057613
0 0.372291 0.430041 0.038700 0.053498
0 0.332043 0.441358 0.035604 0.055556
0 0.274768 0.446502 0.032508 0.057613
0 0.246904 0.422840 0.029412 0.047325
0 0.206656 0.403292 0.029412 0.049383
0 0.166409 0.403292 0.029412 0.049383
0 0.174923 0.470165 0.037152 0.067901
