1 0.679567 0.375514 0.074303 0.080247
1 0.232198 0.394033 0.080495 0.080247
1 0.291796 0.343621 0.054180 0.061728
1 0.133127 0.745885 0.058824 0.096708
1 0.238390 0.276749 0.037152 0.034979
0 0.244582 0.463992 0.030960 0.076132
0 0.839009 0.412551 0.030960 0.055556
0 0.482972 0.506173 0.040248 0.102881
0 0.758514 0.601852 0.043344 0.100823
0 0.804180 0.409465 0.026316 0.069959
0 0.564241 0.408436 0.032508 0.072016
0 0.301084 0.405350 0.026316 0.061728
0 0.845975 0.297325 0.023220 0.047325
3 0.167183 0.293210 0.068111 0.096708
