1 0.239018 0.484243 0.106241 0.0965212
1 0.609811 0.621015 0.160818 0.179349
1 0.575416 0.479667 0.110556 0.104565
1 0.470254 0.468932 0.0846593 0.106429
1 0.471464 0.402833 0.0662499 0.0685663
1 0.318199 0.403577 0.0523138 0.0649612
1 0.821056 0.631747 0.10753 0.143255
1 0.838873 0.579846 0.116509 0.172685
1 0.338541 0.327869 0.0305533 0.0331112
1 0.476601 0.333883 0.04487 0.0419252
1 0.539973 0.405214 0.0680316 0.0512202
1 0.645502 0.422198 0.0774452 0.0689494
1 0.29414 0.362865 0.0427575 0.0479984
1 0.755727 0.472494 0.106452 0.0878869
0 0.349688 0.705819 0.0489813 0.139262
2 0.39712 0.47947 0.0937728 0.178028
0 0.776376 0.736008 0.0750623 0.111075
1 0.244539 0.30318 0.0372061 0.0305835
0 0.436115 0.715167 0.0427474 0.0933435
1 0.571019 0.377016 0.0799351 0.0863773
2 0.731703 0.563067 0.201172 0.232313
