1 0.319581 0.687395 0.152767 0.218799
1 0.382927 0.516033 0.0838782 0.120976
1 0.186778 0.670328 0.162351 0.20271
1 0.20716 0.458576 0.0917431 0.0811617
1 0.511205 0.722714 0.112813 0.144844
1 0.219106 0.387854 0.0708156 0.0604165
1 0.671592 0.47084 0.0507465 0.0672341
2 0.511712 0.612892 0.132254 0.282941
1 0.120711 0.460828 0.0327704 0.0610043
1 0.268731 0.4065 0.0714588 0.0573399
1 0.166396 0.431897 0.0808314 0.0626907
2 0.314846 0.341234 0.0808925 0.0771309
1 0.409956 0.438808 0.0534098 0.0881923
3 0.505929 0.412761 0.0612198 0.133391
1 0.66339 0.468129 0.0677447 0.0662565
2 0.329569 0.452104 0.0706903 0.0889579
