1 0.722136 0.551440 0.078947 0.074074
1 0.264706 0.755144 0.136223 0.078189
1 0.334365 0.476337 0.046440 0.047325
1 0.460526 0.511317 0.047988 0.067901
1 0.478328 0.387860 0.027864 0.039095
1 0.476780 0.353909 0.018576 0.020576
1 0.404025 0.400206 0.018576 0.030864
1 0.384675 0.373457 0.023220 0.030864
1 0.702786 0.426955 0.052632 0.055556
0 0.424149 0.590535 0.024768 0.061728
0 0.422601 0.662551 0.024768 0.057613
0 0.508514 0.762346 0.044892 0.067901
0 0.835139 0.636831 0.041796 0.072016
0 0.431115 0.408436 0.013932 0.030864
0 0.607585 0.395062 0.020124 0.032922
0 0.432663 0.372428 0.013932 0.024691
