1 0.451238 0.437243 0.038700 0.047325
1 0.700464 0.505144 0.063467 0.063786
1 0.557276 0.370370 0.021672 0.020576
0 0.504644 0.548354 0.027864 0.055556
0 0.522446 0.457819 0.017028 0.043210
0 0.618421 0.457819 0.020124 0.034979
0 0.778638 0.622428 0.034056 0.067901
0 0.817337 0.620370 0.034056 0.067901
0 0.761610 0.548354 0.030960 0.043210
0 0.647059 0.429012 0.021672 0.043210
0 0.496904 0.448560 0.021672 0.041152
0 0.510836 0.395062 0.009288 0.024691
0 0.506966 0.421811 0.013932 0.024691
0 0.492260 0.412551 0.018576 0.026749
1 0.427245 0.399177 0.030960 0.041152
1 0.469814 0.394033 0.023220 0.030864
1 0.702786 0.431070 0.055728 0.063786
1 0.864551 0.597737 0.075851 0.080247
