1 0.586375 0.403638 0.0371828 0.0429404
1 0.62359 0.495316 0.060149 0.0833953
1 0.525447 0.384613 0.0309884 0.0393617
1 0.431187 0.396787 0.0323636 0.0464239
1 0.566986 0.37019 0.0235926 0.02903
0 0.289189 0.69177 0.0375309 0.0612625
3 0.470533 0.435573 0.0477703 0.10096
1 0.440864 0.687661 0.0862593 0.161987
1 0.664693 0.408581 0.0693358 0.0375113
0 0.609011 0.591714 0.0269302 0.0636138
0 0.386628 0.582761 0.0254172 0.0438825
0 0.584255 0.680884 0.0350569 0.0459456
1 0.631713 0.378622 0.0409871 0.0338372
1 0.68141 0.408501 0.0377192 0.0378428
