2 0.431985 0.646015 0.285709 0.293457
0 0.189559 0.67674 0.0812695 0.0889375
0 0.264223 0.717863 0.0623085 0.112109
1 0.663631 0.502301 0.0565939 0.0766029
1 0.612845 0.686449 0.118174 0.19278
1 0.713324 0.438229 0.044158 0.0540387
1 0.739976 0.374725 0.0316435 0.0430643
1 0.78634 0.383891 0.0306074 0.0300616
0 0.707571 0.584416 0.0275812 0.0664363
1 0.722415 0.737283 0.155684 0.116111
1 0.71441 0.366006 0.025474 0.0249595
0 0.601237 0.504664 0.0212559 0.0555297
0 0.707717 0.5698 0.0276473 0.0603623
