1 0.330495 0.459877 0.054180 0.051440
2 0.398607 0.528807 0.082043 0.123457
1 0.504644 0.375514 0.027864 0.026749
1 0.405573 0.343621 0.024768 0.024691
0 0.507740 0.517490 0.024768 0.059671
0 0.287926 0.637860 0.030960 0.065844
0 0.542570 0.593621 0.023220 0.051440
0 0.545666 0.514403 0.020124 0.049383
0 0.518576 0.460905 0.015480 0.041152
0 0.479876 0.472222 0.015480 0.047325
0 0.452786 0.410494 0.017028 0.030864
0 0.448142 0.372428 0.013932 0.028807
0 0.717492 0.600823 0.029412 0.065844
0 0.795666 0.597737 0.027864 0.076132
0 0.751548 0.565844 0.023220 0.057613
0 0.704334 0.509259 0.018576 0.047325
0 0.857585 0.765432 0.052632 0.057613
0 0.740712 0.506173 0.020124 0.041152
0 0.674149 0.448560 0.017028 0.037037
0 0.619195 0.426955 0.018576 0.034979
0 0.620743 0.384774 0.012384 0.024691
