2 0.839715 0.491007 0.112874 0.186708
1 0.662376 0.532588 0.126455 0.108708
1 0.58136 0.576778 0.13421 0.164869
1 0.26812 0.693809 0.116753 0.204399
1 0.571876 0.39415 0.0614357 0.0557362
1 0.581636 0.322712 0.0247484 0.0311161
1 0.373467 0.37325 0.0352914 0.0414111
1 0.351036 0.41371 0.0445613 0.0573136
1 0.388929 0.339013 0.0316725 0.0263185
0 0.433434 0.687463 0.0338583 0.0708056
1 0.303401 0.361446 0.0346579 0.0292881
1 0.343626 0.346071 0.0271388 0.0303742
1 0.325954 0.32177 0.0270254 0.0327462
