1 0.431115 0.496914 0.054180 0.063786
1 0.419505 0.323045 0.018576 0.028807
1 0.421053 0.435185 0.037152 0.043210
1 0.440402 0.758230 0.091331 0.072016
0 0.554954 0.720165 0.044892 0.090535
0 0.441950 0.546296 0.020124 0.051440
0 0.501548 0.370370 0.012384 0.020576
0 0.636997 0.493827 0.017028 0.041152
0 0.715944 0.507202 0.017028 0.039095
0 0.790248 0.554527 0.026316 0.047325
0 0.784056 0.647119 0.032508 0.076132
0 0.821207 0.628601 0.032508 0.059671
0 0.856037 0.731481 0.046440 0.088477
0 0.636997 0.408436 0.017028 0.030864
0 0.675697 0.412551 0.013932 0.030864
