1 0.839838 0.730446 0.112608 0.127513
1 0.466261 0.43137 0.0500896 0.0570033
1 0.504028 0.522607 0.0963496 0.0886677
1 0.870985 0.374185 0.0495228 0.0435728
1 0.640912 0.365311 0.0572097 0.0315378
1 0.3632 0.451341 0.0693386 0.049176
1 0.501426 0.361587 0.0424082 0.0282572
1 0.295189 0.385797 0.0426503 0.0517332
1 0.227521 0.421842 0.0623715 0.0461348
1 0.61045 0.353142 0.0610352 0.0396801
1 0.742544 0.364014 0.0461739 0.0271649
0 0.308017 0.505929 0.0311668 0.043127
1 0.4086 0.349952 0.035979 0.0242141
1 0.410322 0.356263 0.0369698 0.0325463
